  0.000000000  3.000000000
  0.001000000  2.993902888
  0.002000000  2.975639179
  0.003000000  2.945291615
  0.004000000  2.902997642
  0.005000000  2.848948726
  0.006000000  2.783389404
  0.007000000  2.706616067
  0.008000000  2.618975488
  0.009000000  2.520863107
  0.010000000  2.412721068
  0.011000000  2.295036031
  0.012000000  2.168336772
  0.013000000  2.033191566
  0.014000000  1.890205395
  0.015000000  1.740016971
  0.016000000  1.583295599
  0.017000000  1.420737903
  0.018000000  1.253064425
  0.019000000  1.081016113
  0.020000000  0.905350724
  0.021000000  0.726839154
  0.022000000  0.546261723
  0.023000000  0.364404424
  0.024000000  0.182055162
  0.025000000  0.000000000
  0.026000000 -0.180980564
  0.027000000 -0.360115274
  0.028000000 -0.536645735
  0.029000000 -0.709829932
  0.030000000 -0.878945667
  0.031000000 -1.043293856
  0.032000000 -1.202201709
  0.033000000 -1.355025748
  0.034000000 -1.501154658
  0.035000000 -1.640011968
  0.036000000 -1.771058526
  0.037000000 -1.893794781
  0.038000000 -2.007762849
  0.039000000 -2.112548344
  0.040000000 -2.207781997
  0.041000000 -2.293141017
  0.042000000 -2.368350222
  0.043000000 -2.433182921
  0.044000000 -2.487461537
  0.045000000 -2.531057991
  0.046000000 -2.563893831
  0.047000000 -2.585940107
  0.048000000 -2.597217008
  0.049000000 -2.597793255
  0.050000000 -2.587785252
  0.051000000 -2.567356018
  0.052000000 -2.536713889
  0.053000000 -2.496111009
  0.054000000 -2.445841625
  0.055000000 -2.386240188
  0.056000000 -2.317679268
  0.057000000 -2.240567315
  0.058000000 -2.155346262
  0.059000000 -2.062488990
  0.060000000 -1.962496671
  0.061000000 -1.855896009
  0.062000000 -1.743236380
  0.063000000 -1.625086904
  0.064000000 -1.502033461
  0.065000000 -1.374675658
  0.066000000 -1.243623776
  0.067000000 -1.109495703
  0.068000000 -0.972913883
  0.069000000 -0.834502281
  0.070000000 -0.694883390
  0.071000000 -0.554675295
  0.072000000 -0.414488800
  0.073000000 -0.274924648
  0.074000000 -0.136570828
  0.075000000 -0.000000000
  0.076000000  0.134232963
  0.077000000  0.265593299
  0.078000000  0.393568539
  0.079000000  0.517670534
  0.080000000  0.637437326
  0.081000000  0.752434849
  0.082000000  0.862258457
  0.083000000  0.966534276
  0.084000000  1.064920369
  0.085000000  1.157107724
  0.086000000  1.242821046
  0.087000000  1.321819371
  0.088000000  1.393896489
  0.089000000  1.458881179
  0.090000000  1.516637273
  0.091000000  1.567063526
  0.092000000  1.610093326
  0.093000000  1.645694228
  0.094000000  1.673867328
  0.095000000  1.694646481
  0.096000000  1.708097376
  0.097000000  1.714316466
  0.098000000  1.713429775
  0.099000000  1.705591583
  0.100000000  1.690983006
  0.101000000  1.669810466
  0.102000000  1.642304092
  0.103000000  1.608716027
  0.104000000  1.569318685
  0.105000000  1.524402943
  0.106000000  1.474276300
  0.107000000  1.419261003
  0.108000000  1.359692153
  0.109000000  1.295915806
  0.110000000  1.228287079
  0.111000000  1.157168265
  0.112000000  1.082926974
  0.113000000  1.005934316
  0.114000000  0.926563115
  0.115000000  0.845186185
  0.116000000  0.762174659
  0.117000000  0.677896397
  0.118000000  0.592714452
  0.119000000  0.506985632
  0.120000000  0.421059143
  0.121000000  0.335275319
  0.122000000  0.249964450
  0.123000000  0.165445712
  0.124000000  0.082026188
  0.125000000  0.000000000
  0.126000000 -0.080352461
  0.127000000 -0.158765204
  0.128000000 -0.234987197
  0.129000000 -0.308782835
  0.130000000 -0.379932302
  0.131000000 -0.448231838
  0.132000000 -0.513493914
  0.133000000 -0.575547315
  0.134000000 -0.634237146
  0.135000000 -0.689424741
  0.136000000 -0.740987515
  0.137000000 -0.788818734
  0.138000000 -0.832827225
  0.139000000 -0.872937028
  0.140000000 -0.909086992
  0.141000000 -0.941230334
  0.142000000 -0.969334149
  0.143000000 -0.993378894
  0.144000000 -1.013357841
  0.145000000 -1.029276515
  0.146000000 -1.041152117
  0.147000000 -1.049012931
  0.148000000 -1.052897742
  0.149000000 -1.052855248
  0.150000000 -1.048943484
  0.151000000 -1.041229258
  0.152000000 -1.029787607
  0.153000000 -1.014701269
  0.154000000 -0.996060187
  0.155000000 -0.973961037
  0.156000000 -0.948506784
  0.157000000 -0.919806279
  0.158000000 -0.887973876
  0.159000000 -0.853129100
  0.160000000 -0.815396335
  0.161000000 -0.774904559
  0.162000000 -0.731787105
  0.163000000 -0.686181458
  0.164000000 -0.638229084
  0.165000000 -0.588075289
  0.166000000 -0.535869102
  0.167000000 -0.481763184
  0.168000000 -0.425913757
  0.169000000 -0.368480553
  0.170000000 -0.309626769
  0.171000000 -0.249519037
  0.172000000 -0.188327400
  0.173000000 -0.126225280
  0.174000000 -0.063389452
  0.175000000  0.000000000
  0.176000000  0.063759733
  0.177000000  0.127703220
  0.178000000  0.191640843
  0.179000000  0.255380015
  0.180000000  0.318725331
  0.181000000  0.381478757
  0.182000000  0.443439855
  0.183000000  0.504406049
  0.184000000  0.564172941
  0.185000000  0.622534664
  0.186000000  0.679284297
  0.187000000  0.734214316
  0.188000000  0.787117108
  0.189000000  0.837785531
  0.190000000  0.886013526
  0.191000000  0.931596784
  0.192000000  0.974333457
  0.193000000  1.014024920
  0.194000000  1.050476578
  0.195000000  1.083498719
  0.196000000  1.112907397
  0.197000000  1.138525360
  0.198000000  1.160183000
  0.199000000  1.177719336
  0.200000000  1.190983006
  0.201000000  1.199833282
  0.202000000  1.204141090
  0.203000000  1.203790020
  0.204000000  1.198677345
  0.205000000  1.188715012
  0.206000000  1.173830617
  0.207000000  1.153968349
  0.208000000  1.129089893
  0.209000000  1.099175291
  0.210000000  1.064223747
  0.211000000  1.024254367
  0.212000000  0.979306838
  0.213000000  0.929442017
  0.214000000  0.874742448
  0.215000000  0.815312777
  0.216000000  0.751280079
  0.217000000  0.682794069
  0.218000000  0.610027212
  0.219000000  0.533174716
  0.220000000  0.452454403
  0.221000000  0.368106458
  0.222000000  0.280393052
  0.223000000  0.189597833
  0.224000000  0.096025295
  0.225000000  0.000000000
  0.226000000 -0.098134313
  0.227000000 -0.198015764
  0.228000000 -0.299265492
  0.229000000 -0.401488935
  0.230000000 -0.504277246
  0.231000000 -0.607208816
  0.232000000 -0.709850913
  0.233000000 -0.811761435
  0.234000000 -0.912490751
  0.235000000 -1.011583647
  0.236000000 -1.108581346
  0.237000000 -1.203023611
  0.238000000 -1.294450906
  0.239000000 -1.382406619
  0.240000000 -1.466439321
  0.241000000 -1.546105059
  0.242000000 -1.620969673
  0.243000000 -1.690611114
  0.244000000 -1.754621759
  0.245000000 -1.812610708
  0.246000000 -1.864206047
  0.247000000 -1.909057066
  0.248000000 -1.946836418
  0.249000000 -1.977242210
  0.250000000 -2.000000000
  0.251000000 -2.014864703
  0.252000000 -2.021622387
  0.253000000 -2.020091937
  0.254000000 -2.010126598
  0.255000000 -1.991615357
  0.256000000 -1.964484185
  0.257000000 -1.928697096
  0.258000000 -1.884257047
  0.259000000 -1.831206643
  0.260000000 -1.769628657
  0.261000000 -1.699646352
  0.262000000 -1.621423604
  0.263000000 -1.535164813
  0.264000000 -1.441114613
  0.265000000 -1.339557362
  0.266000000 -1.230816429
  0.267000000 -1.115253261
  0.268000000 -0.993266253
  0.269000000 -0.865289395
  0.270000000 -0.731790732
  0.271000000 -0.593270614
  0.272000000 -0.450259767
  0.273000000 -0.303317170
  0.274000000 -0.153027765
  0.275000000  0.000000000
  0.276000000  0.155136784
  0.277000000  0.311735101
  0.278000000  0.469132207
  0.279000000  0.626653091
  0.280000000  0.783613574
  0.281000000  0.939323495
  0.282000000  1.093089954
  0.283000000  1.244220628
  0.284000000  1.392027101
  0.285000000  1.535828232
  0.286000000  1.674953511
  0.287000000  1.808746407
  0.288000000  1.936567672
  0.289000000  2.057798604
  0.290000000  2.171844231
  0.291000000  2.278136411
  0.292000000  2.376136827
  0.293000000  2.465339861
  0.294000000  2.545275326
  0.295000000  2.615511053
  0.296000000  2.675655300
  0.297000000  2.725358983
  0.298000000  2.764317716
  0.299000000  2.792273631
  0.300000000  2.809016994
  0.301000000  2.814387578
  0.302000000  2.808275805
  0.303000000  2.790623643
  0.304000000  2.761425248
  0.305000000  2.720727346
  0.306000000  2.668629365
  0.307000000  2.605283290
  0.308000000  2.530893263
  0.309000000  2.445714918
  0.310000000  2.350054451
  0.311000000  2.244267440
  0.312000000  2.128757402
  0.313000000  2.003974107
  0.314000000  1.870411662
  0.315000000  1.728606345
  0.316000000  1.579134239
  0.317000000  1.422608647
  0.318000000  1.259677311
  0.319000000  1.091019453
  0.320000000  0.917342646
  0.321000000  0.739379533
  0.322000000  0.557884415
  0.323000000  0.373629714
  0.324000000  0.187402345
  0.325000000 -0.000000000
  0.326000000 -0.187772627
  0.327000000 -0.375107655
  0.328000000 -0.561197859
  0.329000000 -0.745240512
  0.330000000 -0.926441209
  0.331000000 -1.104017658
  0.332000000 -1.277203409
  0.333000000 -1.445251513
  0.334000000 -1.607438078
  0.335000000 -1.763065720
  0.336000000 -1.911466875
  0.337000000 -2.052006966
  0.338000000 -2.184087405
  0.339000000 -2.307148412
  0.340000000 -2.420671642
  0.341000000 -2.524182602
  0.342000000 -2.617252844
  0.343000000 -2.699501931
  0.344000000 -2.770599159
  0.345000000 -2.830265028
  0.346000000 -2.878272458
  0.347000000 -2.914447734
  0.348000000 -2.938671199
  0.349000000 -2.950877656
  0.350000000 -2.951056516
  0.351000000 -2.939251666
  0.352000000 -2.915561063
  0.353000000 -2.880136072
  0.354000000 -2.833180528
  0.355000000 -2.774949550
  0.356000000 -2.705748103
  0.357000000 -2.625929316
  0.358000000 -2.535892571
  0.359000000 -2.436081368
  0.360000000 -2.326980985
  0.361000000 -2.209115943
  0.362000000 -2.083047284
  0.363000000 -1.949369690
  0.364000000 -1.808708444
  0.365000000 -1.661716269
  0.366000000 -1.509070034
  0.367000000 -1.351467381
  0.368000000 -1.189623253
  0.369000000 -1.024266373
  0.370000000 -0.856135675
  0.371000000 -0.685976713
  0.372000000 -0.514538062
  0.373000000 -0.342567731
  0.374000000 -0.170809617
  0.375000000 -0.000000000
  0.376000000  0.169135891
  0.377000000  0.335887223
  0.378000000  0.499560808
  0.379000000  0.659484230
  0.380000000  0.815008834
  0.381000000  0.965512578
  0.382000000  1.110402715
  0.383000000  1.249118300
  0.384000000  1.381132521
  0.385000000  1.505954825
  0.386000000  1.623132844
  0.387000000  1.732254108
  0.388000000  1.832947536
  0.389000000  1.924884707
  0.390000000  2.007780898
  0.391000000  2.081395896
  0.392000000  2.145534568
  0.393000000  2.200047207
  0.394000000  2.244829643
  0.395000000  2.279823122
  0.396000000  2.305013959
  0.397000000  2.320432975
  0.398000000  2.326154713
  0.399000000  2.322296448
  0.400000000  2.309016994
  0.401000000  2.286515330
  0.402000000  2.255029031
  0.403000000  2.214832537
  0.404000000  2.166235268
  0.405000000  2.109579584
  0.406000000  2.045238616
  0.407000000  1.973613982
  0.408000000  1.895133394
  0.409000000  1.810248176
  0.410000000  1.719430705
  0.411000000  1.623171792
  0.412000000  1.521978021
  0.413000000  1.416369053
  0.414000000  1.306874913
  0.415000000  1.194033286
  0.416000000  1.078386811
  0.417000000  0.960480421
  0.418000000  0.840858709
  0.419000000  0.720063361
  0.420000000  0.598630651
  0.421000000  0.477089014
  0.422000000  0.355956719
  0.423000000  0.235739635
  0.424000000  0.116929115
  0.425000000  0.000000000
  0.426000000 -0.114591250
  0.427000000 -0.226408286
  0.428000000 -0.335036458
  0.429000000 -0.440084254
  0.430000000 -0.541184587
  0.431000000 -0.637995930
  0.432000000 -0.730203283
  0.433000000 -0.817518994
  0.434000000 -0.899683404
  0.435000000 -0.976465351
  0.436000000 -1.047662498
  0.437000000 -1.113101520
  0.438000000 -1.172638130
  0.439000000 -1.226156962
  0.440000000 -1.273571306
  0.441000000 -1.314822712
  0.442000000 -1.349880458
  0.443000000 -1.378740895
  0.444000000 -1.401426676
  0.445000000 -1.417985877
  0.446000000 -1.428491019
  0.447000000 -1.433037994
  0.448000000 -1.431744917
  0.449000000 -1.424750895
  0.450000000 -1.412214748
  0.451000000 -1.394313659
  0.452000000 -1.371241797
  0.453000000 -1.343208896
  0.454000000 -1.310438814
  0.455000000 -1.273168074
  0.456000000 -1.231644407
  0.457000000 -1.186125289
  0.458000000 -1.136876498
  0.459000000 -1.084170686
  0.460000000 -1.028285981
  0.461000000 -0.969504627
  0.462000000 -0.908111661
  0.463000000 -0.844393642
  0.464000000 -0.778637433
  0.465000000 -0.711129041
  0.466000000 -0.642152521
  0.467000000 -0.571988949
  0.468000000 -0.500915457
  0.469000000 -0.429204355
  0.470000000 -0.357122311
  0.471000000 -0.284929616
  0.472000000 -0.212879524
  0.473000000 -0.141217660
  0.474000000 -0.070181515
  0.475000000  0.000000000
  0.476000000  0.069106916
  0.477000000  0.136928510
  0.478000000  0.203263535
  0.479000000  0.267920395
  0.480000000  0.330717254
  0.481000000  0.391482097
  0.482000000  0.450052741
  0.483000000  0.506276793
  0.484000000  0.560011581
  0.485000000  0.611124038
  0.486000000  0.659490564
  0.487000000  0.704996858
  0.488000000  0.747537738
  0.489000000  0.787016940
  0.490000000  0.823346910
  0.491000000  0.856448595
  0.492000000  0.886251232
  0.493000000  0.912692143
  0.494000000  0.935716539
  0.495000000  0.955277339
  0.496000000  0.971335002
  0.497000000  0.983857388
  0.498000000  0.992819626
  0.499000000  0.998204026
  0.500000000  1.000000000
  0.501000000  0.998204026
  0.502000000  0.992819626
  0.503000000  0.983857388
  0.504000000  0.971335002
  0.505000000  0.955277339
  0.506000000  0.935716539
  0.507000000  0.912692143
  0.508000000  0.886251232
  0.509000000  0.856448595
  0.510000000  0.823346910
  0.511000000  0.787016940
  0.512000000  0.747537738
  0.513000000  0.704996858
  0.514000000  0.659490564
  0.515000000  0.611124038
  0.516000000  0.560011581
  0.517000000  0.506276793
  0.518000000  0.450052741
  0.519000000  0.391482097
  0.520000000  0.330717254
  0.521000000  0.267920395
  0.522000000  0.203263535
  0.523000000  0.136928510
  0.524000000  0.069106916
  0.525000000 -0.000000000
  0.526000000 -0.070181515
  0.527000000 -0.141217660
  0.528000000 -0.212879524
  0.529000000 -0.284929616
  0.530000000 -0.357122311
  0.531000000 -0.429204355
  0.532000000 -0.500915457
  0.533000000 -0.571988949
  0.534000000 -0.642152521
  0.535000000 -0.711129041
  0.536000000 -0.778637433
  0.537000000 -0.844393642
  0.538000000 -0.908111661
  0.539000000 -0.969504627
  0.540000000 -1.028285981
  0.541000000 -1.084170686
  0.542000000 -1.136876498
  0.543000000 -1.186125289
  0.544000000 -1.231644407
  0.545000000 -1.273168074
  0.546000000 -1.310438814
  0.547000000 -1.343208896
  0.548000000 -1.371241797
  0.549000000 -1.394313659
  0.550000000 -1.412214748
  0.551000000 -1.424750895
  0.552000000 -1.431744917
  0.553000000 -1.433037994
  0.554000000 -1.428491019
  0.555000000 -1.417985877
  0.556000000 -1.401426676
  0.557000000 -1.378740895
  0.558000000 -1.349880458
  0.559000000 -1.314822712
  0.560000000 -1.273571306
  0.561000000 -1.226156962
  0.562000000 -1.172638130
  0.563000000 -1.113101520
  0.564000000 -1.047662498
  0.565000000 -0.976465351
  0.566000000 -0.899683404
  0.567000000 -0.817518994
  0.568000000 -0.730203283
  0.569000000 -0.637995930
  0.570000000 -0.541184587
  0.571000000 -0.440084254
  0.572000000 -0.335036458
  0.573000000 -0.226408286
  0.574000000 -0.114591250
  0.575000000  0.000000000
  0.576000000  0.116929115
  0.577000000  0.235739635
  0.578000000  0.355956719
  0.579000000  0.477089014
  0.580000000  0.598630651
  0.581000000  0.720063361
  0.582000000  0.840858709
  0.583000000  0.960480421
  0.584000000  1.078386811
  0.585000000  1.194033286
  0.586000000  1.306874913
  0.587000000  1.416369053
  0.588000000  1.521978021
  0.589000000  1.623171792
  0.590000000  1.719430705
  0.591000000  1.810248176
  0.592000000  1.895133394
  0.593000000  1.973613982
  0.594000000  2.045238616
  0.595000000  2.109579584
  0.596000000  2.166235268
  0.597000000  2.214832537
  0.598000000  2.255029031
  0.599000000  2.286515330
  0.600000000  2.309016994
  0.601000000  2.322296448
  0.602000000  2.326154713
  0.603000000  2.320432975
  0.604000000  2.305013959
  0.605000000  2.279823122
  0.606000000  2.244829643
  0.607000000  2.200047207
  0.608000000  2.145534568
  0.609000000  2.081395896
  0.610000000  2.007780898
  0.611000000  1.924884707
  0.612000000  1.832947536
  0.613000000  1.732254108
  0.614000000  1.623132844
  0.615000000  1.505954825
  0.616000000  1.381132521
  0.617000000  1.249118300
  0.618000000  1.110402715
  0.619000000  0.965512578
  0.620000000  0.815008834
  0.621000000  0.659484230
  0.622000000  0.499560808
  0.623000000  0.335887223
  0.624000000  0.169135891
  0.625000000 -0.000000000
  0.626000000 -0.170809617
  0.627000000 -0.342567731
  0.628000000 -0.514538062
  0.629000000 -0.685976713
  0.630000000 -0.856135675
  0.631000000 -1.024266373
  0.632000000 -1.189623253
  0.633000000 -1.351467381
  0.634000000 -1.509070034
  0.635000000 -1.661716269
  0.636000000 -1.808708444
  0.637000000 -1.949369690
  0.638000000 -2.083047284
  0.639000000 -2.209115943
  0.640000000 -2.326980985
  0.641000000 -2.436081368
  0.642000000 -2.535892571
  0.643000000 -2.625929316
  0.644000000 -2.705748103
  0.645000000 -2.774949550
  0.646000000 -2.833180528
  0.647000000 -2.880136072
  0.648000000 -2.915561063
  0.649000000 -2.939251666
  0.650000000 -2.951056516
  0.651000000 -2.950877656
  0.652000000 -2.938671199
  0.653000000 -2.914447734
  0.654000000 -2.878272458
  0.655000000 -2.830265028
  0.656000000 -2.770599159
  0.657000000 -2.699501931
  0.658000000 -2.617252844
  0.659000000 -2.524182602
  0.660000000 -2.420671642
  0.661000000 -2.307148412
  0.662000000 -2.184087405
  0.663000000 -2.052006966
  0.664000000 -1.911466875
  0.665000000 -1.763065720
  0.666000000 -1.607438078
  0.667000000 -1.445251513
  0.668000000 -1.277203409
  0.669000000 -1.104017658
  0.670000000 -0.926441209
  0.671000000 -0.745240512
  0.672000000 -0.561197859
  0.673000000 -0.375107655
  0.674000000 -0.187772627
  0.675000000  0.000000000
  0.676000000  0.187402345
  0.677000000  0.373629714
  0.678000000  0.557884415
  0.679000000  0.739379533
  0.680000000  0.917342646
  0.681000000  1.091019453
  0.682000000  1.259677311
  0.683000000  1.422608647
  0.684000000  1.579134239
  0.685000000  1.728606345
  0.686000000  1.870411662
  0.687000000  2.003974107
  0.688000000  2.128757402
  0.689000000  2.244267440
  0.690000000  2.350054451
  0.691000000  2.445714918
  0.692000000  2.530893263
  0.693000000  2.605283290
  0.694000000  2.668629365
  0.695000000  2.720727346
  0.696000000  2.761425248
  0.697000000  2.790623643
  0.698000000  2.808275805
  0.699000000  2.814387578
  0.700000000  2.809016994
  0.701000000  2.792273631
  0.702000000  2.764317716
  0.703000000  2.725358983
  0.704000000  2.675655300
  0.705000000  2.615511053
  0.706000000  2.545275326
  0.707000000  2.465339861
  0.708000000  2.376136827
  0.709000000  2.278136411
  0.710000000  2.171844231
  0.711000000  2.057798604
  0.712000000  1.936567672
  0.713000000  1.808746407
  0.714000000  1.674953511
  0.715000000  1.535828232
  0.716000000  1.392027101
  0.717000000  1.244220628
  0.718000000  1.093089954
  0.719000000  0.939323495
  0.720000000  0.783613574
  0.721000000  0.626653091
  0.722000000  0.469132207
  0.723000000  0.311735101
  0.724000000  0.155136784
  0.725000000 -0.000000000
  0.726000000 -0.153027765
  0.727000000 -0.303317170
  0.728000000 -0.450259767
  0.729000000 -0.593270614
  0.730000000 -0.731790732
  0.731000000 -0.865289395
  0.732000000 -0.993266253
  0.733000000 -1.115253261
  0.734000000 -1.230816429
  0.735000000 -1.339557362
  0.736000000 -1.441114613
  0.737000000 -1.535164813
  0.738000000 -1.621423604
  0.739000000 -1.699646352
  0.740000000 -1.769628657
  0.741000000 -1.831206643
  0.742000000 -1.884257047
  0.743000000 -1.928697096
  0.744000000 -1.964484185
  0.745000000 -1.991615357
  0.746000000 -2.010126598
  0.747000000 -2.020091937
  0.748000000 -2.021622387
  0.749000000 -2.014864703
  0.750000000 -2.000000000
  0.751000000 -1.977242210
  0.752000000 -1.946836418
  0.753000000 -1.909057066
  0.754000000 -1.864206047
  0.755000000 -1.812610708
  0.756000000 -1.754621759
  0.757000000 -1.690611114
  0.758000000 -1.620969673
  0.759000000 -1.546105059
  0.760000000 -1.466439321
  0.761000000 -1.382406619
  0.762000000 -1.294450906
  0.763000000 -1.203023611
  0.764000000 -1.108581346
  0.765000000 -1.011583647
  0.766000000 -0.912490751
  0.767000000 -0.811761435
  0.768000000 -0.709850913
  0.769000000 -0.607208816
  0.770000000 -0.504277246
  0.771000000 -0.401488935
  0.772000000 -0.299265492
  0.773000000 -0.198015764
  0.774000000 -0.098134313
  0.775000000 -0.000000000
  0.776000000  0.096025295
  0.777000000  0.189597833
  0.778000000  0.280393052
  0.779000000  0.368106458
  0.780000000  0.452454403
  0.781000000  0.533174716
  0.782000000  0.610027212
  0.783000000  0.682794069
  0.784000000  0.751280079
  0.785000000  0.815312777
  0.786000000  0.874742448
  0.787000000  0.929442017
  0.788000000  0.979306838
  0.789000000  1.024254367
  0.790000000  1.064223747
  0.791000000  1.099175291
  0.792000000  1.129089893
  0.793000000  1.153968349
  0.794000000  1.173830617
  0.795000000  1.188715012
  0.796000000  1.198677345
  0.797000000  1.203790020
  0.798000000  1.204141090
  0.799000000  1.199833282
  0.800000000  1.190983006
  0.801000000  1.177719336
  0.802000000  1.160183000
  0.803000000  1.138525360
  0.804000000  1.112907397
  0.805000000  1.083498719
  0.806000000  1.050476578
  0.807000000  1.014024920
  0.808000000  0.974333457
  0.809000000  0.931596784
  0.810000000  0.886013526
  0.811000000  0.837785531
  0.812000000  0.787117108
  0.813000000  0.734214316
  0.814000000  0.679284297
  0.815000000  0.622534664
  0.816000000  0.564172941
  0.817000000  0.504406049
  0.818000000  0.443439855
  0.819000000  0.381478757
  0.820000000  0.318725331
  0.821000000  0.255380015
  0.822000000  0.191640843
  0.823000000  0.127703220
  0.824000000  0.063759733
  0.825000000  0.000000000
  0.826000000 -0.063389452
  0.827000000 -0.126225280
  0.828000000 -0.188327400
  0.829000000 -0.249519037
  0.830000000 -0.309626769
  0.831000000 -0.368480553
  0.832000000 -0.425913757
  0.833000000 -0.481763184
  0.834000000 -0.535869102
  0.835000000 -0.588075289
  0.836000000 -0.638229084
  0.837000000 -0.686181458
  0.838000000 -0.731787105
  0.839000000 -0.774904559
  0.840000000 -0.815396335
  0.841000000 -0.853129100
  0.842000000 -0.887973876
  0.843000000 -0.919806279
  0.844000000 -0.948506784
  0.845000000 -0.973961037
  0.846000000 -0.996060187
  0.847000000 -1.014701269
  0.848000000 -1.029787607
  0.849000000 -1.041229258
  0.850000000 -1.048943484
  0.851000000 -1.052855248
  0.852000000 -1.052897742
  0.853000000 -1.049012931
  0.854000000 -1.041152117
  0.855000000 -1.029276515
  0.856000000 -1.013357841
  0.857000000 -0.993378894
  0.858000000 -0.969334149
  0.859000000 -0.941230334
  0.860000000 -0.909086992
  0.861000000 -0.872937028
  0.862000000 -0.832827225
  0.863000000 -0.788818734
  0.864000000 -0.740987515
  0.865000000 -0.689424741
  0.866000000 -0.634237146
  0.867000000 -0.575547315
  0.868000000 -0.513493914
  0.869000000 -0.448231838
  0.870000000 -0.379932302
  0.871000000 -0.308782835
  0.872000000 -0.234987197
  0.873000000 -0.158765204
  0.874000000 -0.080352461
  0.875000000 -0.000000000
  0.876000000  0.082026188
  0.877000000  0.165445712
  0.878000000  0.249964450
  0.879000000  0.335275319
  0.880000000  0.421059143
  0.881000000  0.506985632
  0.882000000  0.592714452
  0.883000000  0.677896397
  0.884000000  0.762174659
  0.885000000  0.845186185
  0.886000000  0.926563115
  0.887000000  1.005934316
  0.888000000  1.082926974
  0.889000000  1.157168265
  0.890000000  1.228287079
  0.891000000  1.295915806
  0.892000000  1.359692153
  0.893000000  1.419261003
  0.894000000  1.474276300
  0.895000000  1.524402943
  0.896000000  1.569318685
  0.897000000  1.608716027
  0.898000000  1.642304092
  0.899000000  1.669810466
  0.900000000  1.690983006
  0.901000000  1.705591583
  0.902000000  1.713429775
  0.903000000  1.714316466
  0.904000000  1.708097376
  0.905000000  1.694646481
  0.906000000  1.673867328
  0.907000000  1.645694228
  0.908000000  1.610093326
  0.909000000  1.567063526
  0.910000000  1.516637273
  0.911000000  1.458881179
  0.912000000  1.393896489
  0.913000000  1.321819371
  0.914000000  1.242821046
  0.915000000  1.157107724
  0.916000000  1.064920369
  0.917000000  0.966534276
  0.918000000  0.862258457
  0.919000000  0.752434849
  0.920000000  0.637437326
  0.921000000  0.517670534
  0.922000000  0.393568539
  0.923000000  0.265593299
  0.924000000  0.134232963
  0.925000000  0.000000000
  0.926000000 -0.136570828
  0.927000000 -0.274924648
  0.928000000 -0.414488800
  0.929000000 -0.554675295
  0.930000000 -0.694883390
  0.931000000 -0.834502281
  0.932000000 -0.972913883
  0.933000000 -1.109495703
  0.934000000 -1.243623776
  0.935000000 -1.374675658
  0.936000000 -1.502033461
  0.937000000 -1.625086904
  0.938000000 -1.743236380
  0.939000000 -1.855896009
  0.940000000 -1.962496671
  0.941000000 -2.062488990
  0.942000000 -2.155346262
  0.943000000 -2.240567315
  0.944000000 -2.317679268
  0.945000000 -2.386240188
  0.946000000 -2.445841625
  0.947000000 -2.496111009
  0.948000000 -2.536713889
  0.949000000 -2.567356018
  0.950000000 -2.587785252
  0.951000000 -2.597793255
  0.952000000 -2.597217008
  0.953000000 -2.585940107
  0.954000000 -2.563893831
  0.955000000 -2.531057991
  0.956000000 -2.487461537
  0.957000000 -2.433182921
  0.958000000 -2.368350222
  0.959000000 -2.293141017
  0.960000000 -2.207781997
  0.961000000 -2.112548344
  0.962000000 -2.007762849
  0.963000000 -1.893794781
  0.964000000 -1.771058526
  0.965000000 -1.640011968
  0.966000000 -1.501154658
  0.967000000 -1.355025748
  0.968000000 -1.202201709
  0.969000000 -1.043293856
  0.970000000 -0.878945667
  0.971000000 -0.709829932
  0.972000000 -0.536645735
  0.973000000 -0.360115274
  0.974000000 -0.180980564
  0.975000000 -0.000000000
  0.976000000  0.182055162
  0.977000000  0.364404424
  0.978000000  0.546261723
  0.979000000  0.726839154
  0.980000000  0.905350724
  0.981000000  1.081016113
  0.982000000  1.253064425
  0.983000000  1.420737903
  0.984000000  1.583295599
  0.985000000  1.740016971
  0.986000000  1.890205395
  0.987000000  2.033191566
  0.988000000  2.168336772
  0.989000000  2.295036031
  0.990000000  2.412721068
  0.991000000  2.520863107
  0.992000000  2.618975488
  0.993000000  2.706616067
  0.994000000  2.783389404
  0.995000000  2.848948726
  0.996000000  2.902997642
  0.997000000  2.945291615
  0.998000000  2.975639179
  0.999000000  2.993902888
  1.000000000  3.000000000
  1.001000000  2.993902888
  1.002000000  2.975639179
  1.003000000  2.945291615
  1.004000000  2.902997642
  1.005000000  2.848948726
  1.006000000  2.783389404
  1.007000000  2.706616067
  1.008000000  2.618975488
  1.009000000  2.520863107
  1.010000000  2.412721068
  1.011000000  2.295036031
  1.012000000  2.168336772
  1.013000000  2.033191566
  1.014000000  1.890205395
  1.015000000  1.740016971
  1.016000000  1.583295599
  1.017000000  1.420737903
  1.018000000  1.253064425
  1.019000000  1.081016113
  1.020000000  0.905350724
  1.021000000  0.726839154
  1.022000000  0.546261723
  1.023000000  0.364404424
  1.024000000  0.182055162
  1.025000000  0.000000000
  1.026000000 -0.180980564
  1.027000000 -0.360115274
  1.028000000 -0.536645735
  1.029000000 -0.709829932
  1.030000000 -0.878945667
  1.031000000 -1.043293856
  1.032000000 -1.202201709
  1.033000000 -1.355025748
  1.034000000 -1.501154658
  1.035000000 -1.640011968
  1.036000000 -1.771058526
  1.037000000 -1.893794781
  1.038000000 -2.007762849
  1.039000000 -2.112548344
  1.040000000 -2.207781997
  1.041000000 -2.293141017
  1.042000000 -2.368350222
  1.043000000 -2.433182921
  1.044000000 -2.487461537
  1.045000000 -2.531057991
  1.046000000 -2.563893831
  1.047000000 -2.585940107
  1.048000000 -2.597217008
  1.049000000 -2.597793255
  1.050000000 -2.587785252
  1.051000000 -2.567356018
  1.052000000 -2.536713889
  1.053000000 -2.496111009
  1.054000000 -2.445841625
  1.055000000 -2.386240188
  1.056000000 -2.317679268
  1.057000000 -2.240567315
  1.058000000 -2.155346262
  1.059000000 -2.062488990
  1.060000000 -1.962496671
  1.061000000 -1.855896009
  1.062000000 -1.743236380
  1.063000000 -1.625086904
  1.064000000 -1.502033461
  1.065000000 -1.374675658
  1.066000000 -1.243623776
  1.067000000 -1.109495703
  1.068000000 -0.972913883
  1.069000000 -0.834502281
  1.070000000 -0.694883390
  1.071000000 -0.554675295
  1.072000000 -0.414488800
  1.073000000 -0.274924648
  1.074000000 -0.136570828
  1.075000000 -0.000000000
  1.076000000  0.134232963
  1.077000000  0.265593299
  1.078000000  0.393568539
  1.079000000  0.517670534
  1.080000000  0.637437326
  1.081000000  0.752434849
  1.082000000  0.862258457
  1.083000000  0.966534276
  1.084000000  1.064920369
  1.085000000  1.157107724
  1.086000000  1.242821046
  1.087000000  1.321819371
  1.088000000  1.393896489
  1.089000000  1.458881179
  1.090000000  1.516637273
  1.091000000  1.567063526
  1.092000000  1.610093326
  1.093000000  1.645694228
  1.094000000  1.673867328
  1.095000000  1.694646481
  1.096000000  1.708097376
  1.097000000  1.714316466
  1.098000000  1.713429775
  1.099000000  1.705591583
  1.100000000  1.690983006
  1.101000000  1.669810466
  1.102000000  1.642304092
  1.103000000  1.608716027
  1.104000000  1.569318685
  1.105000000  1.524402943
  1.106000000  1.474276300
  1.107000000  1.419261003
  1.108000000  1.359692153
  1.109000000  1.295915806
  1.110000000  1.228287079
  1.111000000  1.157168265
  1.112000000  1.082926974
  1.113000000  1.005934316
  1.114000000  0.926563115
  1.115000000  0.845186185
  1.116000000  0.762174659
  1.117000000  0.677896397
  1.118000000  0.592714452
  1.119000000  0.506985632
  1.120000000  0.421059143
  1.121000000  0.335275319
  1.122000000  0.249964450
  1.123000000  0.165445712
  1.124000000  0.082026188
  1.125000000  0.000000000
  1.126000000 -0.080352461
  1.127000000 -0.158765204
  1.128000000 -0.234987197
  1.129000000 -0.308782835
  1.130000000 -0.379932302
  1.131000000 -0.448231838
  1.132000000 -0.513493914
  1.133000000 -0.575547315
  1.134000000 -0.634237146
  1.135000000 -0.689424741
  1.136000000 -0.740987515
  1.137000000 -0.788818734
  1.138000000 -0.832827225
  1.139000000 -0.872937028
  1.140000000 -0.909086992
  1.141000000 -0.941230334
  1.142000000 -0.969334149
  1.143000000 -0.993378894
  1.144000000 -1.013357841
  1.145000000 -1.029276515
  1.146000000 -1.041152117
  1.147000000 -1.049012931
  1.148000000 -1.052897742
  1.149000000 -1.052855248
  1.150000000 -1.048943484
  1.151000000 -1.041229258
  1.152000000 -1.029787607
  1.153000000 -1.014701269
  1.154000000 -0.996060187
  1.155000000 -0.973961037
  1.156000000 -0.948506784
  1.157000000 -0.919806279
  1.158000000 -0.887973876
  1.159000000 -0.853129100
  1.160000000 -0.815396335
  1.161000000 -0.774904559
  1.162000000 -0.731787105
  1.163000000 -0.686181458
  1.164000000 -0.638229084
  1.165000000 -0.588075289
  1.166000000 -0.535869102
  1.167000000 -0.481763184
  1.168000000 -0.425913757
  1.169000000 -0.368480553
  1.170000000 -0.309626769
  1.171000000 -0.249519037
  1.172000000 -0.188327400
  1.173000000 -0.126225280
  1.174000000 -0.063389452
  1.175000000  0.000000000
  1.176000000  0.063759733
  1.177000000  0.127703220
  1.178000000  0.191640843
  1.179000000  0.255380015
  1.180000000  0.318725331
  1.181000000  0.381478757
  1.182000000  0.443439855
  1.183000000  0.504406049
  1.184000000  0.564172941
  1.185000000  0.622534664
  1.186000000  0.679284297
  1.187000000  0.734214316
  1.188000000  0.787117108
  1.189000000  0.837785531
  1.190000000  0.886013526
  1.191000000  0.931596784
  1.192000000  0.974333457
  1.193000000  1.014024920
  1.194000000  1.050476578
  1.195000000  1.083498719
  1.196000000  1.112907397
  1.197000000  1.138525360
  1.198000000  1.160183000
  1.199000000  1.177719336
  1.200000000  1.190983006
  1.201000000  1.199833282
  1.202000000  1.204141090
  1.203000000  1.203790020
  1.204000000  1.198677345
  1.205000000  1.188715012
  1.206000000  1.173830617
  1.207000000  1.153968349
  1.208000000  1.129089893
  1.209000000  1.099175291
  1.210000000  1.064223747
  1.211000000  1.024254367
  1.212000000  0.979306838
  1.213000000  0.929442017
  1.214000000  0.874742448
  1.215000000  0.815312777
  1.216000000  0.751280079
  1.217000000  0.682794069
  1.218000000  0.610027212
  1.219000000  0.533174716
  1.220000000  0.452454403
  1.221000000  0.368106458
  1.222000000  0.280393052
  1.223000000  0.189597833
  1.224000000  0.096025295
  1.225000000 -0.000000000
  1.226000000 -0.098134313
  1.227000000 -0.198015764
  1.228000000 -0.299265492
  1.229000000 -0.401488935
  1.230000000 -0.504277246
  1.231000000 -0.607208816
  1.232000000 -0.709850913
  1.233000000 -0.811761435
  1.234000000 -0.912490751
  1.235000000 -1.011583647
  1.236000000 -1.108581346
  1.237000000 -1.203023611
  1.238000000 -1.294450906
  1.239000000 -1.382406619
  1.240000000 -1.466439321
  1.241000000 -1.546105059
  1.242000000 -1.620969673
  1.243000000 -1.690611114
  1.244000000 -1.754621759
  1.245000000 -1.812610708
  1.246000000 -1.864206047
  1.247000000 -1.909057066
  1.248000000 -1.946836418
  1.249000000 -1.977242210
  1.250000000 -2.000000000
  1.251000000 -2.014864703
  1.252000000 -2.021622387
  1.253000000 -2.020091937
  1.254000000 -2.010126598
  1.255000000 -1.991615357
  1.256000000 -1.964484185
  1.257000000 -1.928697096
  1.258000000 -1.884257047
  1.259000000 -1.831206643
  1.260000000 -1.769628657
  1.261000000 -1.699646352
  1.262000000 -1.621423604
  1.263000000 -1.535164813
  1.264000000 -1.441114613
  1.265000000 -1.339557362
  1.266000000 -1.230816429
  1.267000000 -1.115253261
  1.268000000 -0.993266253
  1.269000000 -0.865289395
  1.270000000 -0.731790732
  1.271000000 -0.593270614
  1.272000000 -0.450259767
  1.273000000 -0.303317170
  1.274000000 -0.153027765
  1.275000000  0.000000000
  1.276000000  0.155136784
  1.277000000  0.311735101
  1.278000000  0.469132207
  1.279000000  0.626653091
  1.280000000  0.783613574
  1.281000000  0.939323495
  1.282000000  1.093089954
  1.283000000  1.244220628
  1.284000000  1.392027101
  1.285000000  1.535828232
  1.286000000  1.674953511
  1.287000000  1.808746407
  1.288000000  1.936567672
  1.289000000  2.057798604
  1.290000000  2.171844231
  1.291000000  2.278136411
  1.292000000  2.376136827
  1.293000000  2.465339861
  1.294000000  2.545275326
  1.295000000  2.615511053
  1.296000000  2.675655300
  1.297000000  2.725358983
  1.298000000  2.764317716
  1.299000000  2.792273631
  1.300000000  2.809016994
  1.301000000  2.814387578
  1.302000000  2.808275805
  1.303000000  2.790623643
  1.304000000  2.761425248
  1.305000000  2.720727346
  1.306000000  2.668629365
  1.307000000  2.605283290
  1.308000000  2.530893263
  1.309000000  2.445714918
  1.310000000  2.350054451
  1.311000000  2.244267440
  1.312000000  2.128757402
  1.313000000  2.003974107
  1.314000000  1.870411662
  1.315000000  1.728606345
  1.316000000  1.579134239
  1.317000000  1.422608647
  1.318000000  1.259677311
  1.319000000  1.091019453
  1.320000000  0.917342646
  1.321000000  0.739379533
  1.322000000  0.557884415
  1.323000000  0.373629714
  1.324000000  0.187402345
  1.325000000  0.000000000
  1.326000000 -0.187772627
  1.327000000 -0.375107655
  1.328000000 -0.561197859
  1.329000000 -0.745240512
  1.330000000 -0.926441209
  1.331000000 -1.104017658
  1.332000000 -1.277203409
  1.333000000 -1.445251513
  1.334000000 -1.607438078
  1.335000000 -1.763065720
  1.336000000 -1.911466875
  1.337000000 -2.052006966
  1.338000000 -2.184087405
  1.339000000 -2.307148412
  1.340000000 -2.420671642
  1.341000000 -2.524182602
  1.342000000 -2.617252844
  1.343000000 -2.699501931
  1.344000000 -2.770599159
  1.345000000 -2.830265028
  1.346000000 -2.878272458
  1.347000000 -2.914447734
  1.348000000 -2.938671199
  1.349000000 -2.950877656
  1.350000000 -2.951056516
  1.351000000 -2.939251666
  1.352000000 -2.915561063
  1.353000000 -2.880136072
  1.354000000 -2.833180528
  1.355000000 -2.774949550
  1.356000000 -2.705748103
  1.357000000 -2.625929316
  1.358000000 -2.535892571
  1.359000000 -2.436081368
  1.360000000 -2.326980985
  1.361000000 -2.209115943
  1.362000000 -2.083047284
  1.363000000 -1.949369690
  1.364000000 -1.808708444
  1.365000000 -1.661716269
  1.366000000 -1.509070034
  1.367000000 -1.351467381
  1.368000000 -1.189623253
  1.369000000 -1.024266373
  1.370000000 -0.856135675
  1.371000000 -0.685976713
  1.372000000 -0.514538062
  1.373000000 -0.342567731
  1.374000000 -0.170809617
  1.375000000  0.000000000
  1.376000000  0.169135891
  1.377000000  0.335887223
  1.378000000  0.499560808
  1.379000000  0.659484230
  1.380000000  0.815008834
  1.381000000  0.965512578
  1.382000000  1.110402715
  1.383000000  1.249118300
  1.384000000  1.381132521
  1.385000000  1.505954825
  1.386000000  1.623132844
  1.387000000  1.732254108
  1.388000000  1.832947536
  1.389000000  1.924884707
  1.390000000  2.007780898
  1.391000000  2.081395896
  1.392000000  2.145534568
  1.393000000  2.200047207
  1.394000000  2.244829643
  1.395000000  2.279823122
  1.396000000  2.305013959
  1.397000000  2.320432975
  1.398000000  2.326154713
  1.399000000  2.322296448
  1.400000000  2.309016994
  1.401000000  2.286515330
  1.402000000  2.255029031
  1.403000000  2.214832537
  1.404000000  2.166235268
  1.405000000  2.109579584
  1.406000000  2.045238616
  1.407000000  1.973613982
  1.408000000  1.895133394
  1.409000000  1.810248176
  1.410000000  1.719430705
  1.411000000  1.623171792
  1.412000000  1.521978021
  1.413000000  1.416369053
  1.414000000  1.306874913
  1.415000000  1.194033286
  1.416000000  1.078386811
  1.417000000  0.960480421
  1.418000000  0.840858709
  1.419000000  0.720063361
  1.420000000  0.598630651
  1.421000000  0.477089014
  1.422000000  0.355956719
  1.423000000  0.235739635
  1.424000000  0.116929115
  1.425000000 -0.000000000
  1.426000000 -0.114591250
  1.427000000 -0.226408286
  1.428000000 -0.335036458
  1.429000000 -0.440084254
  1.430000000 -0.541184587
  1.431000000 -0.637995930
  1.432000000 -0.730203283
  1.433000000 -0.817518994
  1.434000000 -0.899683404
  1.435000000 -0.976465351
  1.436000000 -1.047662498
  1.437000000 -1.113101520
  1.438000000 -1.172638130
  1.439000000 -1.226156962
  1.440000000 -1.273571306
  1.441000000 -1.314822712
  1.442000000 -1.349880458
  1.443000000 -1.378740895
  1.444000000 -1.401426676
  1.445000000 -1.417985877
  1.446000000 -1.428491019
  1.447000000 -1.433037994
  1.448000000 -1.431744917
  1.449000000 -1.424750895
  1.450000000 -1.412214748
  1.451000000 -1.394313659
  1.452000000 -1.371241797
  1.453000000 -1.343208896
  1.454000000 -1.310438814
  1.455000000 -1.273168074
  1.456000000 -1.231644407
  1.457000000 -1.186125289
  1.458000000 -1.136876498
  1.459000000 -1.084170686
  1.460000000 -1.028285981
  1.461000000 -0.969504627
  1.462000000 -0.908111661
  1.463000000 -0.844393642
  1.464000000 -0.778637433
  1.465000000 -0.711129041
  1.466000000 -0.642152521
  1.467000000 -0.571988949
  1.468000000 -0.500915457
  1.469000000 -0.429204355
  1.470000000 -0.357122311
  1.471000000 -0.284929616
  1.472000000 -0.212879524
  1.473000000 -0.141217660
  1.474000000 -0.070181515
  1.475000000  0.000000000
  1.476000000  0.069106916
  1.477000000  0.136928510
  1.478000000  0.203263535
  1.479000000  0.267920395
  1.480000000  0.330717254
  1.481000000  0.391482097
  1.482000000  0.450052741
  1.483000000  0.506276793
  1.484000000  0.560011581
  1.485000000  0.611124038
  1.486000000  0.659490564
  1.487000000  0.704996858
  1.488000000  0.747537738
  1.489000000  0.787016940
  1.490000000  0.823346910
  1.491000000  0.856448595
  1.492000000  0.886251232
  1.493000000  0.912692143
  1.494000000  0.935716539
  1.495000000  0.955277339
  1.496000000  0.971335002
  1.497000000  0.983857388
  1.498000000  0.992819626
  1.499000000  0.998204026
  1.500000000  1.000000000
  1.501000000  0.998204026
  1.502000000  0.992819626
  1.503000000  0.983857388
  1.504000000  0.971335002
  1.505000000  0.955277339
  1.506000000  0.935716539
  1.507000000  0.912692143
  1.508000000  0.886251232
  1.509000000  0.856448595
  1.510000000  0.823346910
  1.511000000  0.787016940
  1.512000000  0.747537738
  1.513000000  0.704996858
  1.514000000  0.659490564
  1.515000000  0.611124038
  1.516000000  0.560011581
  1.517000000  0.506276793
  1.518000000  0.450052741
  1.519000000  0.391482097
  1.520000000  0.330717254
  1.521000000  0.267920395
  1.522000000  0.203263535
  1.523000000  0.136928510
  1.524000000  0.069106916
  1.525000000  0.000000000
  1.526000000 -0.070181515
  1.527000000 -0.141217660
  1.528000000 -0.212879524
  1.529000000 -0.284929616
  1.530000000 -0.357122311
  1.531000000 -0.429204355
  1.532000000 -0.500915457
  1.533000000 -0.571988949
  1.534000000 -0.642152521
  1.535000000 -0.711129041
  1.536000000 -0.778637433
  1.537000000 -0.844393642
  1.538000000 -0.908111661
  1.539000000 -0.969504627
  1.540000000 -1.028285981
  1.541000000 -1.084170686
  1.542000000 -1.136876498
  1.543000000 -1.186125289
  1.544000000 -1.231644407
  1.545000000 -1.273168074
  1.546000000 -1.310438814
  1.547000000 -1.343208896
  1.548000000 -1.371241797
  1.549000000 -1.394313659
  1.550000000 -1.412214748
  1.551000000 -1.424750895
  1.552000000 -1.431744917
  1.553000000 -1.433037994
  1.554000000 -1.428491019
  1.555000000 -1.417985877
  1.556000000 -1.401426676
  1.557000000 -1.378740895
  1.558000000 -1.349880458
  1.559000000 -1.314822712
  1.560000000 -1.273571306
  1.561000000 -1.226156962
  1.562000000 -1.172638130
  1.563000000 -1.113101520
  1.564000000 -1.047662498
  1.565000000 -0.976465351
  1.566000000 -0.899683404
  1.567000000 -0.817518994
  1.568000000 -0.730203283
  1.569000000 -0.637995930
  1.570000000 -0.541184587
  1.571000000 -0.440084254
  1.572000000 -0.335036458
  1.573000000 -0.226408286
  1.574000000 -0.114591250
  1.575000000 -0.000000000
  1.576000000  0.116929115
  1.577000000  0.235739635
  1.578000000  0.355956719
  1.579000000  0.477089014
  1.580000000  0.598630651
  1.581000000  0.720063361
  1.582000000  0.840858709
  1.583000000  0.960480421
  1.584000000  1.078386811
  1.585000000  1.194033286
  1.586000000  1.306874913
  1.587000000  1.416369053
  1.588000000  1.521978021
  1.589000000  1.623171792
  1.590000000  1.719430705
  1.591000000  1.810248176
  1.592000000  1.895133394
  1.593000000  1.973613982
  1.594000000  2.045238616
  1.595000000  2.109579584
  1.596000000  2.166235268
  1.597000000  2.214832537
  1.598000000  2.255029031
  1.599000000  2.286515330
  1.600000000  2.309016994
  1.601000000  2.322296448
  1.602000000  2.326154713
  1.603000000  2.320432975
  1.604000000  2.305013959
  1.605000000  2.279823122
  1.606000000  2.244829643
  1.607000000  2.200047207
  1.608000000  2.145534568
  1.609000000  2.081395896
  1.610000000  2.007780898
  1.611000000  1.924884707
  1.612000000  1.832947536
  1.613000000  1.732254108
  1.614000000  1.623132844
  1.615000000  1.505954825
  1.616000000  1.381132521
  1.617000000  1.249118300
  1.618000000  1.110402715
  1.619000000  0.965512578
  1.620000000  0.815008834
  1.621000000  0.659484230
  1.622000000  0.499560808
  1.623000000  0.335887223
  1.624000000  0.169135891
  1.625000000  0.000000000
  1.626000000 -0.170809617
  1.627000000 -0.342567731
  1.628000000 -0.514538062
  1.629000000 -0.685976713
  1.630000000 -0.856135675
  1.631000000 -1.024266373
  1.632000000 -1.189623253
  1.633000000 -1.351467381
  1.634000000 -1.509070034
  1.635000000 -1.661716269
  1.636000000 -1.808708444
  1.637000000 -1.949369690
  1.638000000 -2.083047284
  1.639000000 -2.209115943
  1.640000000 -2.326980985
  1.641000000 -2.436081368
  1.642000000 -2.535892571
  1.643000000 -2.625929316
  1.644000000 -2.705748103
  1.645000000 -2.774949550
  1.646000000 -2.833180528
  1.647000000 -2.880136072
  1.648000000 -2.915561063
  1.649000000 -2.939251666
  1.650000000 -2.951056516
  1.651000000 -2.950877656
  1.652000000 -2.938671199
  1.653000000 -2.914447734
  1.654000000 -2.878272458
  1.655000000 -2.830265028
  1.656000000 -2.770599159
  1.657000000 -2.699501931
  1.658000000 -2.617252844
  1.659000000 -2.524182602
  1.660000000 -2.420671642
  1.661000000 -2.307148412
  1.662000000 -2.184087405
  1.663000000 -2.052006966
  1.664000000 -1.911466875
  1.665000000 -1.763065720
  1.666000000 -1.607438078
  1.667000000 -1.445251513
  1.668000000 -1.277203409
  1.669000000 -1.104017658
  1.670000000 -0.926441209
  1.671000000 -0.745240512
  1.672000000 -0.561197859
  1.673000000 -0.375107655
  1.674000000 -0.187772627
  1.675000000 -0.000000000
  1.676000000  0.187402345
  1.677000000  0.373629714
  1.678000000  0.557884415
  1.679000000  0.739379533
  1.680000000  0.917342646
  1.681000000  1.091019453
  1.682000000  1.259677311
  1.683000000  1.422608647
  1.684000000  1.579134239
  1.685000000  1.728606345
  1.686000000  1.870411662
  1.687000000  2.003974107
  1.688000000  2.128757402
  1.689000000  2.244267440
  1.690000000  2.350054451
  1.691000000  2.445714918
  1.692000000  2.530893263
  1.693000000  2.605283290
  1.694000000  2.668629365
  1.695000000  2.720727346
  1.696000000  2.761425248
  1.697000000  2.790623643
  1.698000000  2.808275805
  1.699000000  2.814387578
  1.700000000  2.809016994
  1.701000000  2.792273631
  1.702000000  2.764317716
  1.703000000  2.725358983
  1.704000000  2.675655300
  1.705000000  2.615511053
  1.706000000  2.545275326
  1.707000000  2.465339861
  1.708000000  2.376136827
  1.709000000  2.278136411
  1.710000000  2.171844231
  1.711000000  2.057798604
  1.712000000  1.936567672
  1.713000000  1.808746407
  1.714000000  1.674953511
  1.715000000  1.535828232
  1.716000000  1.392027101
  1.717000000  1.244220628
  1.718000000  1.093089954
  1.719000000  0.939323495
  1.720000000  0.783613574
  1.721000000  0.626653091
  1.722000000  0.469132207
  1.723000000  0.311735101
  1.724000000  0.155136784
  1.725000000  0.000000000
  1.726000000 -0.153027765
  1.727000000 -0.303317170
  1.728000000 -0.450259767
  1.729000000 -0.593270614
  1.730000000 -0.731790732
  1.731000000 -0.865289395
  1.732000000 -0.993266253
  1.733000000 -1.115253261
  1.734000000 -1.230816429
  1.735000000 -1.339557362
  1.736000000 -1.441114613
  1.737000000 -1.535164813
  1.738000000 -1.621423604
  1.739000000 -1.699646352
  1.740000000 -1.769628657
  1.741000000 -1.831206643
  1.742000000 -1.884257047
  1.743000000 -1.928697096
  1.744000000 -1.964484185
  1.745000000 -1.991615357
  1.746000000 -2.010126598
  1.747000000 -2.020091937
  1.748000000 -2.021622387
  1.749000000 -2.014864703
  1.750000000 -2.000000000
  1.751000000 -1.977242210
  1.752000000 -1.946836418
  1.753000000 -1.909057066
  1.754000000 -1.864206047
  1.755000000 -1.812610708
  1.756000000 -1.754621759
  1.757000000 -1.690611114
  1.758000000 -1.620969673
  1.759000000 -1.546105059
  1.760000000 -1.466439321
  1.761000000 -1.382406619
  1.762000000 -1.294450906
  1.763000000 -1.203023611
  1.764000000 -1.108581346
  1.765000000 -1.011583647
  1.766000000 -0.912490751
  1.767000000 -0.811761435
  1.768000000 -0.709850913
  1.769000000 -0.607208816
  1.770000000 -0.504277246
  1.771000000 -0.401488935
  1.772000000 -0.299265492
  1.773000000 -0.198015764
  1.774000000 -0.098134313
  1.775000000  0.000000000
  1.776000000  0.096025295
  1.777000000  0.189597833
  1.778000000  0.280393052
  1.779000000  0.368106458
  1.780000000  0.452454403
  1.781000000  0.533174716
  1.782000000  0.610027212
  1.783000000  0.682794069
  1.784000000  0.751280079
  1.785000000  0.815312777
  1.786000000  0.874742448
  1.787000000  0.929442017
  1.788000000  0.979306838
  1.789000000  1.024254367
  1.790000000  1.064223747
  1.791000000  1.099175291
  1.792000000  1.129089893
  1.793000000  1.153968349
  1.794000000  1.173830617
  1.795000000  1.188715012
  1.796000000  1.198677345
  1.797000000  1.203790020
  1.798000000  1.204141090
  1.799000000  1.199833282
  1.800000000  1.190983006
  1.801000000  1.177719336
  1.802000000  1.160183000
  1.803000000  1.138525360
  1.804000000  1.112907397
  1.805000000  1.083498719
  1.806000000  1.050476578
  1.807000000  1.014024920
  1.808000000  0.974333457
  1.809000000  0.931596784
  1.810000000  0.886013526
  1.811000000  0.837785531
  1.812000000  0.787117108
  1.813000000  0.734214316
  1.814000000  0.679284297
  1.815000000  0.622534664
  1.816000000  0.564172941
  1.817000000  0.504406049
  1.818000000  0.443439855
  1.819000000  0.381478757
  1.820000000  0.318725331
  1.821000000  0.255380015
  1.822000000  0.191640843
  1.823000000  0.127703220
  1.824000000  0.063759733
  1.825000000  0.000000000
  1.826000000 -0.063389452
  1.827000000 -0.126225280
  1.828000000 -0.188327400
  1.829000000 -0.249519037
  1.830000000 -0.309626769
  1.831000000 -0.368480553
  1.832000000 -0.425913757
  1.833000000 -0.481763184
  1.834000000 -0.535869102
  1.835000000 -0.588075289
  1.836000000 -0.638229084
  1.837000000 -0.686181458
  1.838000000 -0.731787105
  1.839000000 -0.774904559
  1.840000000 -0.815396335
  1.841000000 -0.853129100
  1.842000000 -0.887973876
  1.843000000 -0.919806279
  1.844000000 -0.948506784
  1.845000000 -0.973961037
  1.846000000 -0.996060187
  1.847000000 -1.014701269
  1.848000000 -1.029787607
  1.849000000 -1.041229258
  1.850000000 -1.048943484
  1.851000000 -1.052855248
  1.852000000 -1.052897742
  1.853000000 -1.049012931
  1.854000000 -1.041152117
  1.855000000 -1.029276515
  1.856000000 -1.013357841
  1.857000000 -0.993378894
  1.858000000 -0.969334149
  1.859000000 -0.941230334
  1.860000000 -0.909086992
  1.861000000 -0.872937028
  1.862000000 -0.832827225
  1.863000000 -0.788818734
  1.864000000 -0.740987515
  1.865000000 -0.689424741
  1.866000000 -0.634237146
  1.867000000 -0.575547315
  1.868000000 -0.513493914
  1.869000000 -0.448231838
  1.870000000 -0.379932302
  1.871000000 -0.308782835
  1.872000000 -0.234987197
  1.873000000 -0.158765204
  1.874000000 -0.080352461
  1.875000000 -0.000000000
  1.876000000  0.082026188
  1.877000000  0.165445712
  1.878000000  0.249964450
  1.879000000  0.335275319
  1.880000000  0.421059143
  1.881000000  0.506985632
  1.882000000  0.592714452
  1.883000000  0.677896397
  1.884000000  0.762174659
  1.885000000  0.845186185
  1.886000000  0.926563115
  1.887000000  1.005934316
  1.888000000  1.082926974
  1.889000000  1.157168265
  1.890000000  1.228287079
  1.891000000  1.295915806
  1.892000000  1.359692153
  1.893000000  1.419261003
  1.894000000  1.474276300
  1.895000000  1.524402943
  1.896000000  1.569318685
  1.897000000  1.608716027
  1.898000000  1.642304092
  1.899000000  1.669810466
  1.900000000  1.690983006
  1.901000000  1.705591583
  1.902000000  1.713429775
  1.903000000  1.714316466
  1.904000000  1.708097376
  1.905000000  1.694646481
  1.906000000  1.673867328
  1.907000000  1.645694228
  1.908000000  1.610093326
  1.909000000  1.567063526
  1.910000000  1.516637273
  1.911000000  1.458881179
  1.912000000  1.393896489
  1.913000000  1.321819371
  1.914000000  1.242821046
  1.915000000  1.157107724
  1.916000000  1.064920369
  1.917000000  0.966534276
  1.918000000  0.862258457
  1.919000000  0.752434849
  1.920000000  0.637437326
  1.921000000  0.517670534
  1.922000000  0.393568539
  1.923000000  0.265593299
  1.924000000  0.134232963
  1.925000000  0.000000000
  1.926000000 -0.136570828
  1.927000000 -0.274924648
  1.928000000 -0.414488800
  1.929000000 -0.554675295
  1.930000000 -0.694883390
  1.931000000 -0.834502281
  1.932000000 -0.972913883
  1.933000000 -1.109495703
  1.934000000 -1.243623776
  1.935000000 -1.374675658
  1.936000000 -1.502033461
  1.937000000 -1.625086904
  1.938000000 -1.743236380
  1.939000000 -1.855896009
  1.940000000 -1.962496671
  1.941000000 -2.062488990
  1.942000000 -2.155346262
  1.943000000 -2.240567315
  1.944000000 -2.317679268
  1.945000000 -2.386240188
  1.946000000 -2.445841625
  1.947000000 -2.496111009
  1.948000000 -2.536713889
  1.949000000 -2.567356018
  1.950000000 -2.587785252
  1.951000000 -2.597793255
  1.952000000 -2.597217008
  1.953000000 -2.585940107
  1.954000000 -2.563893831
  1.955000000 -2.531057991
  1.956000000 -2.487461537
  1.957000000 -2.433182921
  1.958000000 -2.368350222
  1.959000000 -2.293141017
  1.960000000 -2.207781997
  1.961000000 -2.112548344
  1.962000000 -2.007762849
  1.963000000 -1.893794781
  1.964000000 -1.771058526
  1.965000000 -1.640011968
  1.966000000 -1.501154658
  1.967000000 -1.355025748
  1.968000000 -1.202201709
  1.969000000 -1.043293856
  1.970000000 -0.878945667
  1.971000000 -0.709829932
  1.972000000 -0.536645735
  1.973000000 -0.360115274
  1.974000000 -0.180980564
  1.975000000  0.000000000
  1.976000000  0.182055162
  1.977000000  0.364404424
  1.978000000  0.546261723
  1.979000000  0.726839154
  1.980000000  0.905350724
  1.981000000  1.081016113
  1.982000000  1.253064425
  1.983000000  1.420737903
  1.984000000  1.583295599
  1.985000000  1.740016971
  1.986000000  1.890205395
  1.987000000  2.033191566
  1.988000000  2.168336772
  1.989000000  2.295036031
  1.990000000  2.412721068
  1.991000000  2.520863107
  1.992000000  2.618975488
  1.993000000  2.706616067
  1.994000000  2.783389404
  1.995000000  2.848948726
  1.996000000  2.902997642
  1.997000000  2.945291615
  1.998000000  2.975639179
  1.999000000  2.993902888
  2.000000000  3.000000000
  2.001000000  2.993902888
  2.002000000  2.975639179
  2.003000000  2.945291615
  2.004000000  2.902997642
  2.005000000  2.848948726
  2.006000000  2.783389404
  2.007000000  2.706616067
  2.008000000  2.618975488
  2.009000000  2.520863107
  2.010000000  2.412721068
  2.011000000  2.295036031
  2.012000000  2.168336772
  2.013000000  2.033191566
  2.014000000  1.890205395
  2.015000000  1.740016971
  2.016000000  1.583295599
  2.017000000  1.420737903
  2.018000000  1.253064425
  2.019000000  1.081016113
  2.020000000  0.905350724
  2.021000000  0.726839154
  2.022000000  0.546261723
  2.023000000  0.364404424
  2.024000000  0.182055162
  2.025000000  0.000000000
  2.026000000 -0.180980564
  2.027000000 -0.360115274
  2.028000000 -0.536645735
  2.029000000 -0.709829932
  2.030000000 -0.878945667
  2.031000000 -1.043293856
  2.032000000 -1.202201709
  2.033000000 -1.355025748
  2.034000000 -1.501154658
  2.035000000 -1.640011968
  2.036000000 -1.771058526
  2.037000000 -1.893794781
  2.038000000 -2.007762849
  2.039000000 -2.112548344
  2.040000000 -2.207781997
  2.041000000 -2.293141017
  2.042000000 -2.368350222
  2.043000000 -2.433182921
  2.044000000 -2.487461537
  2.045000000 -2.531057991
  2.046000000 -2.563893831
  2.047000000 -2.585940107
  2.048000000 -2.597217008
  2.049000000 -2.597793255
  2.050000000 -2.587785252
  2.051000000 -2.567356018
  2.052000000 -2.536713889
  2.053000000 -2.496111009
  2.054000000 -2.445841625
  2.055000000 -2.386240188
  2.056000000 -2.317679268
  2.057000000 -2.240567315
  2.058000000 -2.155346262
  2.059000000 -2.062488990
  2.060000000 -1.962496671
  2.061000000 -1.855896009
  2.062000000 -1.743236380
  2.063000000 -1.625086904
  2.064000000 -1.502033461
  2.065000000 -1.374675658
  2.066000000 -1.243623776
  2.067000000 -1.109495703
  2.068000000 -0.972913883
  2.069000000 -0.834502281
  2.070000000 -0.694883390
  2.071000000 -0.554675295
  2.072000000 -0.414488800
  2.073000000 -0.274924648
  2.074000000 -0.136570828
  2.075000000  0.000000000
  2.076000000  0.134232963
  2.077000000  0.265593299
  2.078000000  0.393568539
  2.079000000  0.517670534
  2.080000000  0.637437326
  2.081000000  0.752434849
  2.082000000  0.862258457
  2.083000000  0.966534276
  2.084000000  1.064920369
  2.085000000  1.157107724
  2.086000000  1.242821046
  2.087000000  1.321819371
  2.088000000  1.393896489
  2.089000000  1.458881179
  2.090000000  1.516637273
  2.091000000  1.567063526
  2.092000000  1.610093326
  2.093000000  1.645694228
  2.094000000  1.673867328
  2.095000000  1.694646481
  2.096000000  1.708097376
  2.097000000  1.714316466
  2.098000000  1.713429775
  2.099000000  1.705591583
  2.100000000  1.690983006
  2.101000000  1.669810466
  2.102000000  1.642304092
  2.103000000  1.608716027
  2.104000000  1.569318685
  2.105000000  1.524402943
  2.106000000  1.474276300
  2.107000000  1.419261003
  2.108000000  1.359692153
  2.109000000  1.295915806
  2.110000000  1.228287079
  2.111000000  1.157168265
  2.112000000  1.082926974
  2.113000000  1.005934316
  2.114000000  0.926563115
  2.115000000  0.845186185
  2.116000000  0.762174659
  2.117000000  0.677896397
  2.118000000  0.592714452
  2.119000000  0.506985632
  2.120000000  0.421059143
  2.121000000  0.335275319
  2.122000000  0.249964450
  2.123000000  0.165445712
  2.124000000  0.082026188
  2.125000000  0.000000000
  2.126000000 -0.080352461
  2.127000000 -0.158765204
  2.128000000 -0.234987197
  2.129000000 -0.308782835
  2.130000000 -0.379932302
  2.131000000 -0.448231838
  2.132000000 -0.513493914
  2.133000000 -0.575547315
  2.134000000 -0.634237146
  2.135000000 -0.689424741
  2.136000000 -0.740987515
  2.137000000 -0.788818734
  2.138000000 -0.832827225
  2.139000000 -0.872937028
  2.140000000 -0.909086992
  2.141000000 -0.941230334
  2.142000000 -0.969334149
  2.143000000 -0.993378894
  2.144000000 -1.013357841
  2.145000000 -1.029276515
  2.146000000 -1.041152117
  2.147000000 -1.049012931
  2.148000000 -1.052897742
  2.149000000 -1.052855248
  2.150000000 -1.048943484
  2.151000000 -1.041229258
  2.152000000 -1.029787607
  2.153000000 -1.014701269
  2.154000000 -0.996060187
  2.155000000 -0.973961037
  2.156000000 -0.948506784
  2.157000000 -0.919806279
  2.158000000 -0.887973876
  2.159000000 -0.853129100
  2.160000000 -0.815396335
  2.161000000 -0.774904559
  2.162000000 -0.731787105
  2.163000000 -0.686181458
  2.164000000 -0.638229084
  2.165000000 -0.588075289
  2.166000000 -0.535869102
  2.167000000 -0.481763184
  2.168000000 -0.425913757
  2.169000000 -0.368480553
  2.170000000 -0.309626769
  2.171000000 -0.249519037
  2.172000000 -0.188327400
  2.173000000 -0.126225280
  2.174000000 -0.063389452
  2.175000000  0.000000000
  2.176000000  0.063759733
  2.177000000  0.127703220
  2.178000000  0.191640843
  2.179000000  0.255380015
  2.180000000  0.318725331
  2.181000000  0.381478757
  2.182000000  0.443439855
  2.183000000  0.504406049
  2.184000000  0.564172941
  2.185000000  0.622534664
  2.186000000  0.679284297
  2.187000000  0.734214316
  2.188000000  0.787117108
  2.189000000  0.837785531
  2.190000000  0.886013526
  2.191000000  0.931596784
  2.192000000  0.974333457
  2.193000000  1.014024920
  2.194000000  1.050476578
  2.195000000  1.083498719
  2.196000000  1.112907397
  2.197000000  1.138525360
  2.198000000  1.160183000
  2.199000000  1.177719336
  2.200000000  1.190983006
  2.201000000  1.199833282
  2.202000000  1.204141090
  2.203000000  1.203790020
  2.204000000  1.198677345
  2.205000000  1.188715012
  2.206000000  1.173830617
  2.207000000  1.153968349
  2.208000000  1.129089893
  2.209000000  1.099175291
  2.210000000  1.064223747
  2.211000000  1.024254367
  2.212000000  0.979306838
  2.213000000  0.929442017
  2.214000000  0.874742448
  2.215000000  0.815312777
  2.216000000  0.751280079
  2.217000000  0.682794069
  2.218000000  0.610027212
  2.219000000  0.533174716
  2.220000000  0.452454403
  2.221000000  0.368106458
  2.222000000  0.280393052
  2.223000000  0.189597833
  2.224000000  0.096025295
  2.225000000 -0.000000000
  2.226000000 -0.098134313
  2.227000000 -0.198015764
  2.228000000 -0.299265492
  2.229000000 -0.401488935
  2.230000000 -0.504277246
  2.231000000 -0.607208816
  2.232000000 -0.709850913
  2.233000000 -0.811761435
  2.234000000 -0.912490751
  2.235000000 -1.011583647
  2.236000000 -1.108581346
  2.237000000 -1.203023611
  2.238000000 -1.294450906
  2.239000000 -1.382406619
  2.240000000 -1.466439321
  2.241000000 -1.546105059
  2.242000000 -1.620969673
  2.243000000 -1.690611114
  2.244000000 -1.754621759
  2.245000000 -1.812610708
  2.246000000 -1.864206047
  2.247000000 -1.909057066
  2.248000000 -1.946836418
  2.249000000 -1.977242210
  2.250000000 -2.000000000
  2.251000000 -2.014864703
  2.252000000 -2.021622387
  2.253000000 -2.020091937
  2.254000000 -2.010126598
  2.255000000 -1.991615357
  2.256000000 -1.964484185
  2.257000000 -1.928697096
  2.258000000 -1.884257047
  2.259000000 -1.831206643
  2.260000000 -1.769628657
  2.261000000 -1.699646352
  2.262000000 -1.621423604
  2.263000000 -1.535164813
  2.264000000 -1.441114613
  2.265000000 -1.339557362
  2.266000000 -1.230816429
  2.267000000 -1.115253261
  2.268000000 -0.993266253
  2.269000000 -0.865289395
  2.270000000 -0.731790732
  2.271000000 -0.593270614
  2.272000000 -0.450259767
  2.273000000 -0.303317170
  2.274000000 -0.153027765
  2.275000000 -0.000000000
  2.276000000  0.155136784
  2.277000000  0.311735101
  2.278000000  0.469132207
  2.279000000  0.626653091
  2.280000000  0.783613574
  2.281000000  0.939323495
  2.282000000  1.093089954
  2.283000000  1.244220628
  2.284000000  1.392027101
  2.285000000  1.535828232
  2.286000000  1.674953511
  2.287000000  1.808746407
  2.288000000  1.936567672
  2.289000000  2.057798604
  2.290000000  2.171844231
  2.291000000  2.278136411
  2.292000000  2.376136827
  2.293000000  2.465339861
  2.294000000  2.545275326
  2.295000000  2.615511053
  2.296000000  2.675655300
  2.297000000  2.725358983
  2.298000000  2.764317716
  2.299000000  2.792273631
  2.300000000  2.809016994
  2.301000000  2.814387578
  2.302000000  2.808275805
  2.303000000  2.790623643
  2.304000000  2.761425248
  2.305000000  2.720727346
  2.306000000  2.668629365
  2.307000000  2.605283290
  2.308000000  2.530893263
  2.309000000  2.445714918
  2.310000000  2.350054451
  2.311000000  2.244267440
  2.312000000  2.128757402
  2.313000000  2.003974107
  2.314000000  1.870411662
  2.315000000  1.728606345
  2.316000000  1.579134239
  2.317000000  1.422608647
  2.318000000  1.259677311
  2.319000000  1.091019453
  2.320000000  0.917342646
  2.321000000  0.739379533
  2.322000000  0.557884415
  2.323000000  0.373629714
  2.324000000  0.187402345
  2.325000000 -0.000000000
  2.326000000 -0.187772627
  2.327000000 -0.375107655
  2.328000000 -0.561197859
  2.329000000 -0.745240512
  2.330000000 -0.926441209
  2.331000000 -1.104017658
  2.332000000 -1.277203409
  2.333000000 -1.445251513
  2.334000000 -1.607438078
  2.335000000 -1.763065720
  2.336000000 -1.911466875
  2.337000000 -2.052006966
  2.338000000 -2.184087405
  2.339000000 -2.307148412
  2.340000000 -2.420671642
  2.341000000 -2.524182602
  2.342000000 -2.617252844
  2.343000000 -2.699501931
  2.344000000 -2.770599159
  2.345000000 -2.830265028
  2.346000000 -2.878272458
  2.347000000 -2.914447734
  2.348000000 -2.938671199
  2.349000000 -2.950877656
  2.350000000 -2.951056516
  2.351000000 -2.939251666
  2.352000000 -2.915561063
  2.353000000 -2.880136072
  2.354000000 -2.833180528
  2.355000000 -2.774949550
  2.356000000 -2.705748103
  2.357000000 -2.625929316
  2.358000000 -2.535892571
  2.359000000 -2.436081368
  2.360000000 -2.326980985
  2.361000000 -2.209115943
  2.362000000 -2.083047284
  2.363000000 -1.949369690
  2.364000000 -1.808708444
  2.365000000 -1.661716269
  2.366000000 -1.509070034
  2.367000000 -1.351467381
  2.368000000 -1.189623253
  2.369000000 -1.024266373
  2.370000000 -0.856135675
  2.371000000 -0.685976713
  2.372000000 -0.514538062
  2.373000000 -0.342567731
  2.374000000 -0.170809617
  2.375000000 -0.000000000
  2.376000000  0.169135891
  2.377000000  0.335887223
  2.378000000  0.499560808
  2.379000000  0.659484230
  2.380000000  0.815008834
  2.381000000  0.965512578
  2.382000000  1.110402715
  2.383000000  1.249118300
  2.384000000  1.381132521
  2.385000000  1.505954825
  2.386000000  1.623132844
  2.387000000  1.732254108
  2.388000000  1.832947536
  2.389000000  1.924884707
  2.390000000  2.007780898
  2.391000000  2.081395896
  2.392000000  2.145534568
  2.393000000  2.200047207
  2.394000000  2.244829643
  2.395000000  2.279823122
  2.396000000  2.305013959
  2.397000000  2.320432975
  2.398000000  2.326154713
  2.399000000  2.322296448
  2.400000000  2.309016994
  2.401000000  2.286515330
  2.402000000  2.255029031
  2.403000000  2.214832537
  2.404000000  2.166235268
  2.405000000  2.109579584
  2.406000000  2.045238616
  2.407000000  1.973613982
  2.408000000  1.895133394
  2.409000000  1.810248176
  2.410000000  1.719430705
  2.411000000  1.623171792
  2.412000000  1.521978021
  2.413000000  1.416369053
  2.414000000  1.306874913
  2.415000000  1.194033286
  2.416000000  1.078386811
  2.417000000  0.960480421
  2.418000000  0.840858709
  2.419000000  0.720063361
  2.420000000  0.598630651
  2.421000000  0.477089014
  2.422000000  0.355956719
  2.423000000  0.235739635
  2.424000000  0.116929115
  2.425000000 -0.000000000
  2.426000000 -0.114591250
  2.427000000 -0.226408286
  2.428000000 -0.335036458
  2.429000000 -0.440084254
  2.430000000 -0.541184587
  2.431000000 -0.637995930
  2.432000000 -0.730203283
  2.433000000 -0.817518994
  2.434000000 -0.899683404
  2.435000000 -0.976465351
  2.436000000 -1.047662498
  2.437000000 -1.113101520
  2.438000000 -1.172638130
  2.439000000 -1.226156962
  2.440000000 -1.273571306
  2.441000000 -1.314822712
  2.442000000 -1.349880458
  2.443000000 -1.378740895
  2.444000000 -1.401426676
  2.445000000 -1.417985877
  2.446000000 -1.428491019
  2.447000000 -1.433037994
  2.448000000 -1.431744917
  2.449000000 -1.424750895
  2.450000000 -1.412214748
  2.451000000 -1.394313659
  2.452000000 -1.371241797
  2.453000000 -1.343208896
  2.454000000 -1.310438814
  2.455000000 -1.273168074
  2.456000000 -1.231644407
  2.457000000 -1.186125289
  2.458000000 -1.136876498
  2.459000000 -1.084170686
  2.460000000 -1.028285981
  2.461000000 -0.969504627
  2.462000000 -0.908111661
  2.463000000 -0.844393642
  2.464000000 -0.778637433
  2.465000000 -0.711129041
  2.466000000 -0.642152521
  2.467000000 -0.571988949
  2.468000000 -0.500915457
  2.469000000 -0.429204355
  2.470000000 -0.357122311
  2.471000000 -0.284929616
  2.472000000 -0.212879524
  2.473000000 -0.141217660
  2.474000000 -0.070181515
  2.475000000  0.000000000
  2.476000000  0.069106916
  2.477000000  0.136928510
  2.478000000  0.203263535
  2.479000000  0.267920395
  2.480000000  0.330717254
  2.481000000  0.391482097
  2.482000000  0.450052741
  2.483000000  0.506276793
  2.484000000  0.560011581
  2.485000000  0.611124038
  2.486000000  0.659490564
  2.487000000  0.704996858
  2.488000000  0.747537738
  2.489000000  0.787016940
  2.490000000  0.823346910
  2.491000000  0.856448595
  2.492000000  0.886251232
  2.493000000  0.912692143
  2.494000000  0.935716539
  2.495000000  0.955277339
  2.496000000  0.971335002
  2.497000000  0.983857388
  2.498000000  0.992819626
  2.499000000  0.998204026
  2.500000000  1.000000000
  2.501000000  0.998204026
  2.502000000  0.992819626
  2.503000000  0.983857388
  2.504000000  0.971335002
  2.505000000  0.955277339
  2.506000000  0.935716539
  2.507000000  0.912692143
  2.508000000  0.886251232
  2.509000000  0.856448595
  2.510000000  0.823346910
  2.511000000  0.787016940
  2.512000000  0.747537738
  2.513000000  0.704996858
  2.514000000  0.659490564
  2.515000000  0.611124038
  2.516000000  0.560011581
  2.517000000  0.506276793
  2.518000000  0.450052741
  2.519000000  0.391482097
  2.520000000  0.330717254
  2.521000000  0.267920395
  2.522000000  0.203263535
  2.523000000  0.136928510
  2.524000000  0.069106916
  2.525000000  0.000000000
  2.526000000 -0.070181515
  2.527000000 -0.141217660
  2.528000000 -0.212879524
  2.529000000 -0.284929616
  2.530000000 -0.357122311
  2.531000000 -0.429204355
  2.532000000 -0.500915457
  2.533000000 -0.571988949
  2.534000000 -0.642152521
  2.535000000 -0.711129041
  2.536000000 -0.778637433
  2.537000000 -0.844393642
  2.538000000 -0.908111661
  2.539000000 -0.969504627
  2.540000000 -1.028285981
  2.541000000 -1.084170686
  2.542000000 -1.136876498
  2.543000000 -1.186125289
  2.544000000 -1.231644407
  2.545000000 -1.273168074
  2.546000000 -1.310438814
  2.547000000 -1.343208896
  2.548000000 -1.371241797
  2.549000000 -1.394313659
  2.550000000 -1.412214748
  2.551000000 -1.424750895
  2.552000000 -1.431744917
  2.553000000 -1.433037994
  2.554000000 -1.428491019
  2.555000000 -1.417985877
  2.556000000 -1.401426676
  2.557000000 -1.378740895
  2.558000000 -1.349880458
  2.559000000 -1.314822712
  2.560000000 -1.273571306
  2.561000000 -1.226156962
  2.562000000 -1.172638130
  2.563000000 -1.113101520
  2.564000000 -1.047662498
  2.565000000 -0.976465351
  2.566000000 -0.899683404
  2.567000000 -0.817518994
  2.568000000 -0.730203283
  2.569000000 -0.637995930
  2.570000000 -0.541184587
  2.571000000 -0.440084254
  2.572000000 -0.335036458
  2.573000000 -0.226408286
  2.574000000 -0.114591250
  2.575000000  0.000000000
  2.576000000  0.116929115
  2.577000000  0.235739635
  2.578000000  0.355956719
  2.579000000  0.477089014
  2.580000000  0.598630651
  2.581000000  0.720063361
  2.582000000  0.840858709
  2.583000000  0.960480421
  2.584000000  1.078386811
  2.585000000  1.194033286
  2.586000000  1.306874913
  2.587000000  1.416369053
  2.588000000  1.521978021
  2.589000000  1.623171792
  2.590000000  1.719430705
  2.591000000  1.810248176
  2.592000000  1.895133394
  2.593000000  1.973613982
  2.594000000  2.045238616
  2.595000000  2.109579584
  2.596000000  2.166235268
  2.597000000  2.214832537
  2.598000000  2.255029031
  2.599000000  2.286515330
  2.600000000  2.309016994
  2.601000000  2.322296448
  2.602000000  2.326154713
  2.603000000  2.320432975
  2.604000000  2.305013959
  2.605000000  2.279823122
  2.606000000  2.244829643
  2.607000000  2.200047207
  2.608000000  2.145534568
  2.609000000  2.081395896
  2.610000000  2.007780898
  2.611000000  1.924884707
  2.612000000  1.832947536
  2.613000000  1.732254108
  2.614000000  1.623132844
  2.615000000  1.505954825
  2.616000000  1.381132521
  2.617000000  1.249118300
  2.618000000  1.110402715
  2.619000000  0.965512578
  2.620000000  0.815008834
  2.621000000  0.659484230
  2.622000000  0.499560808
  2.623000000  0.335887223
  2.624000000  0.169135891
  2.625000000 -0.000000000
  2.626000000 -0.170809617
  2.627000000 -0.342567731
  2.628000000 -0.514538062
  2.629000000 -0.685976713
  2.630000000 -0.856135675
  2.631000000 -1.024266373
  2.632000000 -1.189623253
  2.633000000 -1.351467381
  2.634000000 -1.509070034
  2.635000000 -1.661716269
  2.636000000 -1.808708444
  2.637000000 -1.949369690
  2.638000000 -2.083047284
  2.639000000 -2.209115943
  2.640000000 -2.326980985
  2.641000000 -2.436081368
  2.642000000 -2.535892571
  2.643000000 -2.625929316
  2.644000000 -2.705748103
  2.645000000 -2.774949550
  2.646000000 -2.833180528
  2.647000000 -2.880136072
  2.648000000 -2.915561063
  2.649000000 -2.939251666
  2.650000000 -2.951056516
  2.651000000 -2.950877656
  2.652000000 -2.938671199
  2.653000000 -2.914447734
  2.654000000 -2.878272458
  2.655000000 -2.830265028
  2.656000000 -2.770599159
  2.657000000 -2.699501931
  2.658000000 -2.617252844
  2.659000000 -2.524182602
  2.660000000 -2.420671642
  2.661000000 -2.307148412
  2.662000000 -2.184087405
  2.663000000 -2.052006966
  2.664000000 -1.911466875
  2.665000000 -1.763065720
  2.666000000 -1.607438078
  2.667000000 -1.445251513
  2.668000000 -1.277203409
  2.669000000 -1.104017658
  2.670000000 -0.926441209
  2.671000000 -0.745240512
  2.672000000 -0.561197859
  2.673000000 -0.375107655
  2.674000000 -0.187772627
  2.675000000  0.000000000
  2.676000000  0.187402345
  2.677000000  0.373629714
  2.678000000  0.557884415
  2.679000000  0.739379533
  2.680000000  0.917342646
  2.681000000  1.091019453
  2.682000000  1.259677311
  2.683000000  1.422608647
  2.684000000  1.579134239
  2.685000000  1.728606345
  2.686000000  1.870411662
  2.687000000  2.003974107
  2.688000000  2.128757402
  2.689000000  2.244267440
  2.690000000  2.350054451
  2.691000000  2.445714918
  2.692000000  2.530893263
  2.693000000  2.605283290
  2.694000000  2.668629365
  2.695000000  2.720727346
  2.696000000  2.761425248
  2.697000000  2.790623643
  2.698000000  2.808275805
  2.699000000  2.814387578
  2.700000000  2.809016994
  2.701000000  2.792273631
  2.702000000  2.764317716
  2.703000000  2.725358983
  2.704000000  2.675655300
  2.705000000  2.615511053
  2.706000000  2.545275326
  2.707000000  2.465339861
  2.708000000  2.376136827
  2.709000000  2.278136411
  2.710000000  2.171844231
  2.711000000  2.057798604
  2.712000000  1.936567672
  2.713000000  1.808746407
  2.714000000  1.674953511
  2.715000000  1.535828232
  2.716000000  1.392027101
  2.717000000  1.244220628
  2.718000000  1.093089954
  2.719000000  0.939323495
  2.720000000  0.783613574
  2.721000000  0.626653091
  2.722000000  0.469132207
  2.723000000  0.311735101
  2.724000000  0.155136784
  2.725000000 -0.000000000
  2.726000000 -0.153027765
  2.727000000 -0.303317170
  2.728000000 -0.450259767
  2.729000000 -0.593270614
  2.730000000 -0.731790732
  2.731000000 -0.865289395
  2.732000000 -0.993266253
  2.733000000 -1.115253261
  2.734000000 -1.230816429
  2.735000000 -1.339557362
  2.736000000 -1.441114613
  2.737000000 -1.535164813
  2.738000000 -1.621423604
  2.739000000 -1.699646352
  2.740000000 -1.769628657
  2.741000000 -1.831206643
  2.742000000 -1.884257047
  2.743000000 -1.928697096
  2.744000000 -1.964484185
  2.745000000 -1.991615357
  2.746000000 -2.010126598
  2.747000000 -2.020091937
  2.748000000 -2.021622387
  2.749000000 -2.014864703
  2.750000000 -2.000000000
  2.751000000 -1.977242210
  2.752000000 -1.946836418
  2.753000000 -1.909057066
  2.754000000 -1.864206047
  2.755000000 -1.812610708
  2.756000000 -1.754621759
  2.757000000 -1.690611114
  2.758000000 -1.620969673
  2.759000000 -1.546105059
  2.760000000 -1.466439321
  2.761000000 -1.382406619
  2.762000000 -1.294450906
  2.763000000 -1.203023611
  2.764000000 -1.108581346
  2.765000000 -1.011583647
  2.766000000 -0.912490751
  2.767000000 -0.811761435
  2.768000000 -0.709850913
  2.769000000 -0.607208816
  2.770000000 -0.504277246
  2.771000000 -0.401488935
  2.772000000 -0.299265492
  2.773000000 -0.198015764
  2.774000000 -0.098134313
  2.775000000 -0.000000000
  2.776000000  0.096025295
  2.777000000  0.189597833
  2.778000000  0.280393052
  2.779000000  0.368106458
  2.780000000  0.452454403
  2.781000000  0.533174716
  2.782000000  0.610027212
  2.783000000  0.682794069
  2.784000000  0.751280079
  2.785000000  0.815312777
  2.786000000  0.874742448
  2.787000000  0.929442017
  2.788000000  0.979306838
  2.789000000  1.024254367
  2.790000000  1.064223747
  2.791000000  1.099175291
  2.792000000  1.129089893
  2.793000000  1.153968349
  2.794000000  1.173830617
  2.795000000  1.188715012
  2.796000000  1.198677345
  2.797000000  1.203790020
  2.798000000  1.204141090
  2.799000000  1.199833282
  2.800000000  1.190983006
  2.801000000  1.177719336
  2.802000000  1.160183000
  2.803000000  1.138525360
  2.804000000  1.112907397
  2.805000000  1.083498719
  2.806000000  1.050476578
  2.807000000  1.014024920
  2.808000000  0.974333457
  2.809000000  0.931596784
  2.810000000  0.886013526
  2.811000000  0.837785531
  2.812000000  0.787117108
  2.813000000  0.734214316
  2.814000000  0.679284297
  2.815000000  0.622534664
  2.816000000  0.564172941
  2.817000000  0.504406049
  2.818000000  0.443439855
  2.819000000  0.381478757
  2.820000000  0.318725331
  2.821000000  0.255380015
  2.822000000  0.191640843
  2.823000000  0.127703220
  2.824000000  0.063759733
  2.825000000 -0.000000000
  2.826000000 -0.063389452
  2.827000000 -0.126225280
  2.828000000 -0.188327400
  2.829000000 -0.249519037
  2.830000000 -0.309626769
  2.831000000 -0.368480553
  2.832000000 -0.425913757
  2.833000000 -0.481763184
  2.834000000 -0.535869102
  2.835000000 -0.588075289
  2.836000000 -0.638229084
  2.837000000 -0.686181458
  2.838000000 -0.731787105
  2.839000000 -0.774904559
  2.840000000 -0.815396335
  2.841000000 -0.853129100
  2.842000000 -0.887973876
  2.843000000 -0.919806279
  2.844000000 -0.948506784
  2.845000000 -0.973961037
  2.846000000 -0.996060187
  2.847000000 -1.014701269
  2.848000000 -1.029787607
  2.849000000 -1.041229258
  2.850000000 -1.048943484
  2.851000000 -1.052855248
  2.852000000 -1.052897742
  2.853000000 -1.049012931
  2.854000000 -1.041152117
  2.855000000 -1.029276515
  2.856000000 -1.013357841
  2.857000000 -0.993378894
  2.858000000 -0.969334149
  2.859000000 -0.941230334
  2.860000000 -0.909086992
  2.861000000 -0.872937028
  2.862000000 -0.832827225
  2.863000000 -0.788818734
  2.864000000 -0.740987515
  2.865000000 -0.689424741
  2.866000000 -0.634237146
  2.867000000 -0.575547315
  2.868000000 -0.513493914
  2.869000000 -0.448231838
  2.870000000 -0.379932302
  2.871000000 -0.308782835
  2.872000000 -0.234987197
  2.873000000 -0.158765204
  2.874000000 -0.080352461
  2.875000000  0.000000000
  2.876000000  0.082026188
  2.877000000  0.165445712
  2.878000000  0.249964450
  2.879000000  0.335275319
  2.880000000  0.421059143
  2.881000000  0.506985632
  2.882000000  0.592714452
  2.883000000  0.677896397
  2.884000000  0.762174659
  2.885000000  0.845186185
  2.886000000  0.926563115
  2.887000000  1.005934316
  2.888000000  1.082926974
  2.889000000  1.157168265
  2.890000000  1.228287079
  2.891000000  1.295915806
  2.892000000  1.359692153
  2.893000000  1.419261003
  2.894000000  1.474276300
  2.895000000  1.524402943
  2.896000000  1.569318685
  2.897000000  1.608716027
  2.898000000  1.642304092
  2.899000000  1.669810466
  2.900000000  1.690983006
  2.901000000  1.705591583
  2.902000000  1.713429775
  2.903000000  1.714316466
  2.904000000  1.708097376
  2.905000000  1.694646481
  2.906000000  1.673867328
  2.907000000  1.645694228
  2.908000000  1.610093326
  2.909000000  1.567063526
  2.910000000  1.516637273
  2.911000000  1.458881179
  2.912000000  1.393896489
  2.913000000  1.321819371
  2.914000000  1.242821046
  2.915000000  1.157107724
  2.916000000  1.064920369
  2.917000000  0.966534276
  2.918000000  0.862258457
  2.919000000  0.752434849
  2.920000000  0.637437326
  2.921000000  0.517670534
  2.922000000  0.393568539
  2.923000000  0.265593299
  2.924000000  0.134232963
  2.925000000 -0.000000000
  2.926000000 -0.136570828
  2.927000000 -0.274924648
  2.928000000 -0.414488800
  2.929000000 -0.554675295
  2.930000000 -0.694883390
  2.931000000 -0.834502281
  2.932000000 -0.972913883
  2.933000000 -1.109495703
  2.934000000 -1.243623776
  2.935000000 -1.374675658
  2.936000000 -1.502033461
  2.937000000 -1.625086904
  2.938000000 -1.743236380
  2.939000000 -1.855896009
  2.940000000 -1.962496671
  2.941000000 -2.062488990
  2.942000000 -2.155346262
  2.943000000 -2.240567315
  2.944000000 -2.317679268
  2.945000000 -2.386240188
  2.946000000 -2.445841625
  2.947000000 -2.496111009
  2.948000000 -2.536713889
  2.949000000 -2.567356018
  2.950000000 -2.587785252
  2.951000000 -2.597793255
  2.952000000 -2.597217008
  2.953000000 -2.585940107
  2.954000000 -2.563893831
  2.955000000 -2.531057991
  2.956000000 -2.487461537
  2.957000000 -2.433182921
  2.958000000 -2.368350222
  2.959000000 -2.293141017
  2.960000000 -2.207781997
  2.961000000 -2.112548344
  2.962000000 -2.007762849
  2.963000000 -1.893794781
  2.964000000 -1.771058526
  2.965000000 -1.640011968
  2.966000000 -1.501154658
  2.967000000 -1.355025748
  2.968000000 -1.202201709
  2.969000000 -1.043293856
  2.970000000 -0.878945667
  2.971000000 -0.709829932
  2.972000000 -0.536645735
  2.973000000 -0.360115274
  2.974000000 -0.180980564
  2.975000000  0.000000000
  2.976000000  0.182055162
  2.977000000  0.364404424
  2.978000000  0.546261723
  2.979000000  0.726839154
  2.980000000  0.905350724
  2.981000000  1.081016113
  2.982000000  1.253064425
  2.983000000  1.420737903
  2.984000000  1.583295599
  2.985000000  1.740016971
  2.986000000  1.890205395
  2.987000000  2.033191566
  2.988000000  2.168336772
  2.989000000  2.295036031
  2.990000000  2.412721068
  2.991000000  2.520863107
  2.992000000  2.618975488
  2.993000000  2.706616067
  2.994000000  2.783389404
  2.995000000  2.848948726
  2.996000000  2.902997642
  2.997000000  2.945291615
  2.998000000  2.975639179
  2.999000000  2.993902888
