1.0  7.0  5.0  3.0 -3.0 1 1 1 1 1 1 1
5.0  2.0  8.0 -2.0  4.0 0 0 0 1 1 11 1
1.0 -5.0 -4.0  6.0  7.6 -2 -2 -2 -2 -1 1 1
0.0 -5.0  3.0  3.2  3.3 1 1 1 1 1 1 1
1.0  7.0  2.0  2.1  1.2 0 2 3 4 -11 2 1
1.0  7.0  5.0  3.0 -3.0 1 1 1 1 1 1 1
5.0  2.0  8.0 -2.0  4.0 0 0 0 1 1 11 1
1.0 -5.0 -4.0  6.0  7.6 -2 -2 -2 -2 -1 1 1
0.0 -5.0  3.0  3.2  3.3 1 1 1 1 1 1 1
1.0  7.0  2.0  2.1  1.2 0 2 3 4 -11 2 1
1.0  7.0  5.0  3.0 -3.0 1 1 1 1 1 1 1
5.0  2.0  8.0 -2.0  4.0 0 0 0 1 1 11 1
1.0 -5.0 -4.0  6.0  7.6 -2 -2 -2 -2 -1 1 1
0.0 -5.0  3.0  3.2  3.3 1 1 1 1 1 1 1
1.0  7.0  2.0  2.1  1.2 0 2 3 4 -11 2 1
1.0  7.0  5.0  3.0 -3.0 1 1 1 1 1 1 1
5.0  2.0  8.0 -2.0  4.0 0 0 0 1 1 11 1
1.0 -5.0 -4.0  6.0  7.6 -2 -2 -2 -2 -1 1 1
0.0 -5.0  3.0  3.2  3.3 1 1 1 1 1 1 1
1.0  7.0  2.0  2.1  1.2 0 2 3 4 -11 2 1
1.0  7.0  5.0  3.0 -3.0 1 1 1 1 1 1 1
5.0  2.0  8.0 -2.0  4.0 0 0 0 1 1 11 1
1.0 -5.0 -4.0  6.0  7.6 -2 -2 -2 -2 -1 1 1
0.0 -5.0  3.0  3.2  3.3 1 1 1 1 1 1 1
1.0  7.0  2.0  2.1  1.2 0 2 3 4 -11 2 1
