0  0  3
0.01  9.99983e-05  3
0.02  0.000399973  3
0.03  0.000899865  3
0.04  0.00159957  3
0.05  0.00249896  3
0.06  0.00359784  3
0.07  0.004896  3
0.08  0.00639318  3
0.09  0.00808907  3
0.1  0.00998334  3
0.11  0.0120756  3
0.12  0.0143655  3
0.13  0.0168524  3
0.14  0.019536  3
0.15  0.0224157  3
0.16  0.0254909  3
0.17  0.028761  3
0.18  0.0322253  3
0.19  0.0358832  3
0.2  0.0397339  3
0.21  0.0437766  3
0.22  0.0480105  3
0.23  0.0524348  3
0.24  0.0570486  3
0.25  0.061851  3
0.26  0.0668409  3
0.27  0.0720175  3
0.28  0.0773796  3
0.29  0.0829261  3
0.3  0.0886561  3
0.31  0.0945682  3
0.32  0.100661  3
0.33  0.106934  3
0.34  0.113386  3
0.35  0.120014  3
0.36  0.126819  3
0.37  0.133798  3
0.38  0.14095  3
0.39  0.148273  3
0.4  0.155767  3
0.41  0.16343  3
0.42  0.171259  3
0.43  0.179254  3
0.44  0.187413  3
0.45  0.195734  3
0.46  0.204216  3
0.47  0.212857  3
0.48  0.221654  3
0.49  0.230607  3
0.5  0.239713  3
0.51  0.24897  3
0.52  0.258378  3
0.53  0.267933  3
0.54  0.277633  3
0.55  0.287478  3
0.56  0.297464  3
0.57  0.30759  3
0.58  0.317854  3
0.59  0.328253  3
0.6  0.338785  3
0.61  0.349449  3
0.62  0.360242  3
0.63  0.371161  3
0.64  0.382205  3
0.65  0.393371  3
0.66  0.404657  3
0.67  0.416061  3
0.68  0.427579  3
0.69  0.439211  3
0.7  0.450952  3
0.71  0.462802  3
0.72  0.474757  3
0.73  0.486815  3
0.74  0.498973  3
0.75  0.511229  3
0.76  0.52358  3
0.77  0.536024  3
0.78  0.548558  3
0.79  0.561179  3
0.8  0.573885  3
0.81  0.586673  3
0.82  0.59954  3
0.83  0.612483  3
0.84  0.6255  3
0.85  0.638588  3
0.86  0.651745  3
0.87  0.664966  3
0.88  0.67825  3
0.89  0.691594  3
0.9  0.704994  3
0.91  0.718448  3
0.92  0.731953  3
0.93  0.745507  3
0.94  0.759105  3
0.95  0.772745  3
0.96  0.786424  3
0.97  0.800139  3
0.98  0.813887  3
0.99  0.827666  3
1  0.841471  3
1.01  0.8553  3
1.02  0.86915  3
1.03  0.883018  3
1.04  0.8969  3
1.05  0.910794  3
1.06  0.924697  3
1.07  0.938605  3
1.08  0.952514  3
1.09  0.966423  3
1.1  0.980328  3
1.11  0.994226  3
1.12  1.00811  3
1.13  1.02199  3
1.14  1.03584  3
1.15  1.04968  3
1.16  1.06349  3
1.17  1.07728  3
1.18  1.09104  3
1.19  1.10476  3
1.2  1.11845  3
1.21  1.1321  3
1.22  1.1457  3
1.23  1.15926  3
1.24  1.17277  3
1.25  1.18623  3
1.26  1.19963  3
1.27  1.21298  3
1.28  1.22626  3
1.29  1.23948  3
1.3  1.25263  3
1.31  1.2657  3
1.32  1.2787  3
1.33  1.29163  3
1.34  1.30447  3
1.35  1.31723  3
1.36  1.3299  3
1.37  1.34247  3
1.38  1.35496  3
1.39  1.36734  3
1.4  1.37963  3
1.41  1.39181  3
1.42  1.40389  3
1.43  1.41585  3
1.44  1.4277  3
1.45  1.43943  3
1.46  1.45105  3
1.47  1.46254  3
1.48  1.4739  3
1.49  1.48514  3
1.5  1.49624  3
1.51  1.50721  3
1.52  1.51804  3
1.53  1.52873  3
1.54  1.53927  3
1.55  1.54966  3
1.56  1.55991  3
1.57  1.57  3
1.58  1.57993  3
1.59  1.58971  3
1.6  1.59932  3
1.61  1.60876  3
1.62  1.61804  3
1.63  1.62714  3
1.64  1.63607  3
1.65  1.64483  3
1.66  1.6534  3
1.67  1.66179  3
1.68  1.66999  3
1.69  1.67801  3
1.7  1.68583  3
1.71  1.69346  3
1.72  1.70089  3
1.73  1.70812  3
1.74  1.71515  3
1.75  1.72198  3
1.76  1.72859  3
1.77  1.735  3
1.78  1.74119  3
1.79  1.74717  3
1.8  1.75293  3
1.81  1.75846  3
1.82  1.76378  3
1.83  1.76887  3
1.84  1.77373  3
1.85  1.77836  3
1.86  1.78276  3
1.87  1.78692  3
1.88  1.79084  3
1.89  1.79453  3
1.9  1.79797  3
1.91  1.80117  3
1.92  1.80412  3
1.93  1.80682  3
1.94  1.80927  3
1.95  1.81147  3
1.96  1.81341  3
1.97  1.8151  3
1.98  1.81653  3
1.99  1.81769  3
2  1.81859  3
2.01  1.81923  3
2.02  1.8196  3
2.03  1.8197  3
2.04  1.81953  3
2.05  1.81909  3
2.06  1.81838  3
2.07  1.81739  3
2.08  1.81612  3
2.09  1.81457  3
2.1  1.81274  3
2.11  1.81063  3
2.12  1.80823  3
2.13  1.80555  3
2.14  1.80259  3
2.15  1.79933  3
2.16  1.79579  3
2.17  1.79195  3
2.18  1.78783  3
2.19  1.78341  3
2.2  1.77869  3
2.21  1.77368  3
2.22  1.76838  3
2.23  1.76277  3
2.24  1.75687  3
2.25  1.75066  3
2.26  1.74416  3
2.27  1.73736  3
2.28  1.73025  3
2.29  1.72284  3
2.3  1.71512  3
2.31  1.7071  3
2.32  1.69878  3
2.33  1.69015  3
2.34  1.68121  3
2.35  1.67196  3
2.36  1.66241  3
2.37  1.65255  3
2.38  1.64238  3
2.39  1.6319  3
2.4  1.62111  3
2.41  1.61001  3
2.42  1.59861  3
2.43  1.58689  3
2.44  1.57486  3
2.45  1.56252  3
2.46  1.54988  3
2.47  1.53692  3
2.48  1.52365  3
2.49  1.51007  3
2.5  1.49618  3
2.51  1.48198  3
2.52  1.46747  3
2.53  1.45266  3
2.54  1.43753  3
2.55  1.42209  3
2.56  1.40635  3
2.57  1.3903  3
2.58  1.37394  3
2.59  1.35727  3
2.6  1.3403  3
2.61  1.32303  3
2.62  1.30545  3
2.63  1.28756  3
2.64  1.26937  3
2.65  1.25088  3
2.66  1.23209  3
2.67  1.213  3
2.68  1.1936  3
2.69  1.17391  3
2.7  1.15393  3
2.71  1.13364  3
2.72  1.11306  3
2.73  1.09219  3
2.74  1.07102  3
2.75  1.04957  3
2.76  1.02782  3
2.77  1.00579  3
2.78  0.983465  3
2.79  0.960858  3
2.8  0.937967  3
2.81  0.914794  3
2.82  0.89134  3
2.83  0.867607  3
2.84  0.843597  3
2.85  0.819312  3
2.86  0.794754  3
2.87  0.769924  3
2.88  0.744824  3
2.89  0.719456  3
2.9  0.693823  3
2.91  0.667926  3
2.92  0.641768  3
2.93  0.615351  3
2.94  0.588676  3
2.95  0.561747  3
2.96  0.534565  3
2.97  0.507133  3
2.98  0.479453  3
2.99  0.451528  3
3  0.42336  3
3.01  0.394952  3
3.02  0.366306  3
3.03  0.337424  3
3.04  0.308311  3
3.05  0.278967  3
3.06  0.249397  3
3.07  0.219602  3
3.08  0.189585  3
3.09  0.159351  3
3.1  0.1289  3
3.11  0.0982368  3
3.12  0.0673638  3
3.13  0.0362842  3
3.14  0.00500093  3
3.15  -0.0264828  3
3.16  -0.0581639  3
3.17  -0.0900392  3
3.18  -0.122105  3
3.19  -0.154359  3
3.2  -0.186797  3
3.21  -0.219416  3
3.22  -0.252213  3
3.23  -0.285184  3
3.24  -0.318325  3
3.25  -0.351634  3
3.26  -0.385107  3
3.27  -0.418739  3
3.28  -0.452528  3
3.29  -0.48647  3
3.3  -0.520561  3
3.31  -0.554797  3
3.32  -0.589175  3
3.33  -0.623691  3
3.34  -0.658341  3
3.35  -0.693122  3
3.36  -0.728028  3
3.37  -0.763057  3
3.38  -0.798205  3
3.39  -0.833467  3
3.4  -0.86884  3
3.41  -0.904319  3
3.42  -0.9399  3
3.43  -0.97558  3
3.44  -1.01135  3
3.45  -1.04722  3
3.46  -1.08317  3
3.47  -1.1192  3
3.48  -1.15531  3
3.49  -1.19149  3
3.5  -1.22774  3
3.51  -1.26406  3
3.52  -1.30043  3
3.53  -1.33686  3
3.54  -1.37335  3
3.55  -1.40988  3
3.56  -1.44645  3
3.57  -1.48306  3
3.58  -1.5197  3
3.59  -1.55638  3
3.6  -1.59307  3
3.61  -1.62979  3
3.62  -1.66652  3
3.63  -1.70327  3
3.64  -1.74002  3
3.65  -1.77677  3
3.66  -1.81352  3
3.67  -1.85026  3
3.68  -1.88699  3
3.69  -1.9237  3
3.7  -1.96039  3
3.71  -1.99706  3
3.72  -2.03369  3
3.73  -2.07029  3
3.74  -2.10684  3
3.75  -2.14335  3
3.76  -2.17982  3
3.77  -2.21622  3
3.78  -2.25257  3
3.79  -2.28885  3
3.8  -2.32506  3
3.81  -2.3612  3
3.82  -2.39726  3
3.83  -2.43323  3
3.84  -2.46912  3
3.85  -2.50491  3
3.86  -2.5406  3
3.87  -2.57619  3
3.88  -2.61167  3
3.89  -2.64704  3
3.9  -2.68229  3
3.91  -2.71741  3
3.92  -2.75241  3
3.93  -2.78728  3
3.94  -2.82201  3
3.95  -2.85659  3
3.96  -2.89103  3
3.97  -2.92532  3
3.98  -2.95944  3
3.99  -2.99341  3
4  -3.02721  3
4.01  -3.06084  3
4.02  -3.09429  3
4.03  -3.12756  3
4.04  -3.16064  3
4.05  -3.19353  3
4.06  -3.22622  3
4.07  -3.25871  3
4.08  -3.291  3
4.09  -3.32308  3
4.1  -3.35494  3
4.11  -3.38658  3
4.12  -3.41799  3
4.13  -3.44917  3
4.14  -3.48012  3
4.15  -3.51083  3
4.16  -3.5413  3
4.17  -3.57151  3
4.18  -3.60148  3
4.19  -3.63118  3
4.2  -3.66062  3
4.21  -3.68979  3
4.22  -3.71869  3
4.23  -3.74731  3
4.24  -3.77565  3
4.25  -3.8037  3
4.26  -3.83147  3
4.27  -3.85893  3
4.28  -3.8861  3
4.29  -3.91296  3
4.3  -3.93951  3
4.31  -3.96575  3
4.32  -3.99167  3
4.33  -4.01727  3
4.34  -4.04254  3
4.35  -4.06748  3
4.36  -4.09208  3
4.37  -4.11634  3
4.38  -4.14026  3
4.39  -4.16383  3
4.4  -4.18705  3
4.41  -4.20991  3
4.42  -4.23241  3
4.43  -4.25454  3
4.44  -4.2763  3
4.45  -4.29769  3
4.46  -4.3187  3
4.47  -4.33933  3
4.48  -4.35957  3
4.49  -4.37943  3
4.5  -4.39889  3
4.51  -4.41795  3
4.52  -4.43661  3
4.53  -4.45486  3
4.54  -4.47271  3
4.55  -4.49014  3
4.56  -4.50716  3
4.57  -4.52375  3
4.58  -4.53992  3
4.59  -4.55567  3
4.6  -4.57098  3
4.61  -4.58586  3
4.62  -4.6003  3
4.63  -4.61429  3
4.64  -4.62785  3
4.65  -4.64095  3
4.66  -4.65361  3
4.67  -4.66581  3
4.68  -4.67755  3
4.69  -4.68882  3
4.7  -4.69964  3
4.71  -4.70999  3
4.72  -4.71986  3
4.73  -4.72927  3
4.74  -4.73819  3
4.75  -4.74664  3
4.76  -4.75461  3
4.77  -4.76209  3
4.78  -4.76908  3
4.79  -4.77558  3
4.8  -4.78159  3
4.81  -4.7871  3
4.82  -4.79212  3
4.83  -4.79663  3
4.84  -4.80064  3
4.85  -4.80415  3
4.86  -4.80715  3
4.87  -4.80964  3
4.88  -4.81161  3
4.89  -4.81307  3
4.9  -4.81402  3
4.91  -4.81444  3
4.92  -4.81435  3
4.93  -4.81373  3
4.94  -4.81259  3
4.95  -4.81092  3
4.96  -4.80872  3
4.97  -4.806  3
4.98  -4.80274  3
4.99  -4.79895  3
5  -4.79462  3
5.01  -4.78976  3
5.02  -4.78436  3
5.03  -4.77842  3
5.04  -4.77194  3
5.05  -4.76492  3
5.06  -4.75736  3
5.07  -4.74925  3
5.08  -4.7406  3
5.09  -4.7314  3
5.1  -4.72165  3
5.11  -4.71136  3
5.12  -4.70052  3
5.13  -4.68913  3
5.14  -4.67719  3
5.15  -4.6647  3
5.16  -4.65166  3
5.17  -4.63806  3
5.18  -4.62391  3
5.19  -4.60922  3
5.2  -4.59396  3
5.21  -4.57816  3
5.22  -4.5618  3
5.23  -4.54489  3
5.24  -4.52742  3
5.25  -4.50941  3
5.26  -4.49083  3
5.27  -4.47171  3
5.28  -4.45203  3
5.29  -4.4318  3
5.3  -4.41102  3
5.31  -4.38968  3
5.32  -4.3678  3
5.33  -4.34536  3
5.34  -4.32237  3
5.35  -4.29883  3
5.36  -4.27475  3
5.37  -4.25011  3
5.38  -4.22493  3
5.39  -4.1992  3
5.4  -4.17293  3
5.41  -4.14611  3
5.42  -4.11875  3
5.43  -4.09085  3
5.44  -4.0624  3
5.45  -4.03342  3
5.46  -4.0039  3
5.47  -3.97384  3
5.48  -3.94325  3
5.49  -3.91213  3
5.5  -3.88047  3
5.51  -3.84829  3
5.52  -3.81557  3
5.53  -3.78233  3
5.54  -3.74857  3
5.55  -3.71428  3
5.56  -3.67947  3
5.57  -3.64415  3
5.58  -3.60831  3
5.59  -3.57196  3
5.6  -3.53509  3
5.61  -3.49772  3
5.62  -3.45984  3
5.63  -3.42146  3
5.64  -3.38257  3
5.65  -3.34319  3
5.66  -3.30332  3
5.67  -3.26295  3
5.68  -3.22209  3
5.69  -3.18074  3
5.7  -3.13891  3
5.71  -3.0966  3
5.72  -3.05381  3
5.73  -3.01054  3
5.74  -2.96681  3
5.75  -2.9226  3
5.76  -2.87794  3
5.77  -2.83281  3
5.78  -2.78722  3
5.79  -2.74118  3
5.8  -2.69469  3
5.81  -2.64776  3
5.82  -2.60038  3
5.83  -2.55256  3
5.84  -2.5043  3
5.85  -2.45562  3
5.86  -2.40651  3
5.87  -2.35697  3
5.88  -2.30702  3
5.89  -2.25665  3
5.9  -2.20587  3
5.91  -2.15469  3
5.92  -2.1031  3
5.93  -2.05112  3
5.94  -1.99874  3
5.95  -1.94598  3
5.96  -1.89283  3
5.97  -1.8393  3
5.98  -1.7854  3
5.99  -1.73113  3
6  -1.67649  3
6.01  -1.6215  3
6.02  -1.56615  3
6.03  -1.51045  3
6.04  -1.4544  3
6.05  -1.39802  3
6.06  -1.3413  3
6.07  -1.28426  3
6.08  -1.22688  3
6.09  -1.16919  3
6.1  -1.11119  3
6.11  -1.05288  3
6.12  -0.994268  3
6.13  -0.935358  3
6.14  -0.876157  3
6.15  -0.81667  3
6.16  -0.756904  3
6.17  -0.696863  3
6.18  -0.636554  3
6.19  -0.575983  3
6.2  -0.515154  3
6.21  -0.454075  3
6.22  -0.392751  3
6.23  -0.331188  3
6.24  -0.269393  3
6.25  -0.20737  3
6.26  -0.145127  3
6.27  -0.0826695  3
6.28  -0.0200037  3
6.29  0.0428641  3
6.3  0.105928  3
6.31  0.16918  3
6.32  0.232616  3
6.33  0.296229  3
6.34  0.360011  3
6.35  0.423958  3
6.36  0.488061  3
6.37  0.552315  3
6.38  0.616713  3
6.39  0.681249  3
6.4  0.745915  3
6.41  0.810705  3
6.42  0.875613  3
6.43  0.940631  3
6.44  1.00575  3
6.45  1.07097  3
6.46  1.13628  3
6.47  1.20167  3
6.48  1.26714  3
6.49  1.33268  3
6.5  1.39828  3
6.51  1.46394  3
6.52  1.52964  3
6.53  1.59539  3
6.54  1.66117  3
6.55  1.72697  3
6.56  1.7928  3
6.57  1.85864  3
6.58  1.92449  3
6.59  1.99034  3
6.6  2.05617  3
6.61  2.12199  3
6.62  2.18779  3
6.63  2.25356  3
6.64  2.31929  3
6.65  2.38498  3
6.66  2.45062  3
6.67  2.51619  3
6.68  2.5817  3
6.69  2.64714  3
6.7  2.71249  3
6.71  2.77776  3
6.72  2.84293  3
6.73  2.908  3
6.74  2.97296  3
6.75  3.0378  3
6.76  3.10251  3
6.77  3.16709  3
6.78  3.23154  3
6.79  3.29583  3
6.8  3.35997  3
6.81  3.42395  3
6.82  3.48776  3
6.83  3.55139  3
6.84  3.61484  3
6.85  3.67809  3
6.86  3.74115  3
6.87  3.804  3
6.88  3.86663  3
6.89  3.92905  3
6.9  3.99123  3
6.91  4.05318  3
6.92  4.11489  3
6.93  4.17635  3
6.94  4.23755  3
6.95  4.29848  3
6.96  4.35914  3
6.97  4.41952  3
6.98  4.47961  3
6.99  4.53941  3
7  4.59891  3
7.01  4.65809  3
7.02  4.71696  3
7.03  4.77551  3
7.04  4.83373  3
7.05  4.89161  3
7.06  4.94914  3
7.07  5.00632  3
7.08  5.06314  3
7.09  5.1196  3
7.1  5.17568  3
7.11  5.23138  3
7.12  5.28669  3
7.13  5.34161  3
7.14  5.39613  3
7.15  5.45024  3
7.16  5.50393  3
7.17  5.5572  3
7.18  5.61004  3
7.19  5.66245  3
7.2  5.71441  3
7.21  5.76592  3
7.22  5.81698  3
7.23  5.86757  3
7.24  5.91769  3
7.25  5.96734  3
7.26  6.0165  3
7.27  6.06517  3
7.28  6.11335  3
7.29  6.16102  3
7.3  6.20819  3
7.31  6.25484  3
7.32  6.30096  3
7.33  6.34656  3
7.34  6.39163  3
7.35  6.43615  3
7.36  6.48013  3
7.37  6.52355  3
7.38  6.56641  3
7.39  6.60871  3
7.4  6.65044  3
7.41  6.69159  3
7.42  6.73216  3
7.43  6.77213  3
7.44  6.81152  3
7.45  6.8503  3
7.46  6.88847  3
7.47  6.92604  3
7.48  6.96298  3
7.49  6.99931  3
7.5  7.035  3
7.51  7.07006  3
7.52  7.10448  3
7.53  7.13825  3
7.54  7.17138  3
7.55  7.20385  3
7.56  7.23566  3
7.57  7.2668  3
7.58  7.29728  3
7.59  7.32707  3
7.6  7.35619  3
7.61  7.38462  3
7.62  7.41236  3
7.63  7.43941  3
7.64  7.46576  3
7.65  7.4914  3
7.66  7.51633  3
7.67  7.54055  3
7.68  7.56406  3
7.69  7.58684  3
7.7  7.6089  3
7.71  7.63022  3
7.72  7.65081  3
7.73  7.67067  3
7.74  7.68978  3
7.75  7.70814  3
7.76  7.72575  3
7.77  7.74262  3
7.78  7.75872  3
7.79  7.77406  3
7.8  7.78864  3
7.81  7.80245  3
7.82  7.81549  3
7.83  7.82775  3
7.84  7.83923  3
7.85  7.84994  3
7.86  7.85986  3
7.87  7.86899  3
7.88  7.87733  3
7.89  7.88488  3
7.9  7.89164  3
7.91  7.89759  3
7.92  7.90275  3
7.93  7.9071  3
7.94  7.91064  3
7.95  7.91338  3
7.96  7.91531  3
7.97  7.91642  3
7.98  7.91672  3
7.99  7.9162  3
8  7.91487  3
8.01  7.91271  3
8.02  7.90973  3
8.03  7.90593  3
8.04  7.9013  3
8.05  7.89584  3
8.06  7.88956  3
8.07  7.88244  3
8.08  7.8745  3
8.09  7.86572  3
8.1  7.85611  3
8.11  7.84566  3
8.12  7.83438  3
8.13  7.82226  3
8.14  7.80931  3
8.15  7.79552  3
8.16  7.78089  3
8.17  7.76542  3
8.18  7.74912  3
8.19  7.73197  3
8.2  7.71399  3
8.21  7.69517  3
8.22  7.67551  3
8.23  7.655  3
8.24  7.63366  3
8.25  7.61148  3
8.26  7.58847  3
8.27  7.56461  3
8.28  7.53992  3
8.29  7.51439  3
8.3  7.48803  3
8.31  7.46083  3
8.32  7.43279  3
8.33  7.40392  3
8.34  7.37423  3
8.35  7.3437  3
8.36  7.31234  3
8.37  7.28015  3
8.38  7.24713  3
8.39  7.21329  3
8.4  7.17863  3
8.41  7.14315  3
8.42  7.10684  3
8.43  7.06972  3
8.44  7.03178  3
8.45  6.99303  3
8.46  6.95346  3
8.47  6.91309  3
8.48  6.87191  3
8.49  6.82993  3
8.5  6.78714  3
8.51  6.74356  3
8.52  6.69917  3
8.53  6.654  3
8.54  6.60803  3
8.55  6.56128  3
8.56  6.51374  3
8.57  6.46542  3
8.58  6.41633  3
8.59  6.36646  3
8.6  6.31582  3
8.61  6.26441  3
8.62  6.21223  3
8.63  6.1593  3
8.64  6.10561  3
8.65  6.05117  3
8.66  5.99598  3
8.67  5.94005  3
8.68  5.88338  3
8.69  5.82597  3
8.7  5.76783  3
8.71  5.70897  3
8.72  5.64938  3
8.73  5.58908  3
8.74  5.52806  3
8.75  5.46633  3
8.76  5.40391  3
8.77  5.34078  3
8.78  5.27696  3
8.79  5.21246  3
8.8  5.14727  3
8.81  5.08141  3
8.82  5.01487  3
8.83  4.94767  3
8.84  4.87981  3
8.85  4.81129  3
8.86  4.74212  3
8.87  4.67231  3
8.88  4.60187  3
8.89  4.53079  3
8.9  4.45909  3
8.91  4.38676  3
8.92  4.31383  3
8.93  4.24029  3
8.94  4.16615  3
8.95  4.09141  3
8.96  4.01609  3
8.97  3.94019  3
8.98  3.86371  3
8.99  3.78667  3
9  3.70907  3
9.01  3.63091  3
9.02  3.55221  3
9.03  3.47297  3
9.04  3.39319  3
9.05  3.3129  3
9.06  3.23208  3
9.07  3.15076  3
9.08  3.06893  3
9.09  2.98661  3
9.1  2.9038  3
9.11  2.8205  3
9.12  2.73674  3
9.13  2.65252  3
9.14  2.56783  3
9.15  2.4827  3
9.16  2.39713  3
9.17  2.31112  3
9.18  2.22469  3
9.19  2.13784  3
9.2  2.05059  3
9.21  1.96293  3
9.22  1.87488  3
9.23  1.78645  3
9.24  1.69765  3
9.25  1.60848  3
9.26  1.51895  3
9.27  1.42907  3
9.28  1.33885  3
9.29  1.2483  3
9.3  1.15743  3
9.31  1.06624  3
9.32  0.974745  3
9.33  0.882955  3
9.34  0.790878  3
9.35  0.698523  3
9.36  0.605898  3
9.37  0.513013  3
9.38  0.419877  3
9.39  0.326499  3
9.4  0.232889  3
9.41  0.139056  3
9.42  0.0450082  3
9.43  -0.0492436  3
9.44  -0.143691  3
9.45  -0.238323  3
9.46  -0.333132  3
9.47  -0.428107  3
9.48  -0.523239  3
9.49  -0.618518  3
9.5  -0.713936  3
9.51  -0.809481  3
9.52  -0.905145  3
9.53  -1.00092  3
9.54  -1.09679  3
9.55  -1.19275  3
9.56  -1.28879  3
9.57  -1.3849  3
9.58  -1.48106  3
9.59  -1.57728  3
9.6  -1.67354  3
9.61  -1.76982  3
9.62  -1.86613  3
9.63  -1.96245  3
9.64  -2.05876  3
9.65  -2.15507  3
9.66  -2.25135  3
9.67  -2.3476  3
9.68  -2.44382  3
9.69  -2.53998  3
9.7  -2.63608  3
9.71  -2.73211  3
9.72  -2.82806  3
9.73  -2.92391  3
9.74  -3.01967  3
9.75  -3.11531  3
9.76  -3.21083  3
9.77  -3.30622  3
9.78  -3.40147  3
9.79  -3.49656  3
9.8  -3.5915  3
9.81  -3.68625  3
9.82  -3.78083  3
9.83  -3.87521  3
9.84  -3.96939  3
9.85  -4.06335  3
9.86  -4.15709  3
9.87  -4.2506  3
9.88  -4.34386  3
9.89  -4.43686  3
9.9  -4.52961  3
9.91  -4.62207  3
9.92  -4.71425  3
9.93  -4.80614  3
9.94  -4.89772  3
9.95  -4.98898  3
9.96  -5.07992  3
9.97  -5.17052  3
9.98  -5.26078  3
9.99  -5.35068  3
10  -5.44021  3
0  -59  4
0.01  -58.5412  4
0.02  -58.0848  4
0.03  -57.6308  4
0.04  -57.1791  4
0.05  -56.7299  4
0.06  -56.283  4
0.07  -55.8385  4
0.08  -55.3963  4
0.09  -54.9565  4
0.1  -54.519  4
0.11  -54.0839  4
0.12  -53.6511  4
0.13  -53.2206  4
0.14  -52.7925  4
0.15  -52.3666  4
0.16  -51.9431  4
0.17  -51.5219  4
0.18  -51.103  4
0.19  -50.6863  4
0.2  -50.272  4
0.21  -49.8599  4
0.22  -49.4502  4
0.23  -49.0426  4
0.24  -48.6374  4
0.25  -48.2344  4
0.26  -47.8336  4
0.27  -47.4351  4
0.28  -47.0388  4
0.29  -46.6448  4
0.3  -46.253  4
0.31  -45.8634  4
0.32  -45.476  4
0.33  -45.0909  4
0.34  -44.7079  4
0.35  -44.3271  4
0.36  -43.9485  4
0.37  -43.5721  4
0.38  -43.1979  4
0.39  -42.8259  4
0.4  -42.456  4
0.41  -42.0883  4
0.42  -41.7227  4
0.43  -41.3593  4
0.44  -40.998  4
0.45  -40.6389  4
0.46  -40.2819  4
0.47  -39.927  4
0.48  -39.5742  4
0.49  -39.2236  4
0.5  -38.875  4
0.51  -38.5285  4
0.52  -38.1842  4
0.53  -37.8419  4
0.54  -37.5017  4
0.55  -37.1636  4
0.56  -36.8276  4
0.57  -36.4936  4
0.58  -36.1617  4
0.59  -35.8318  4
0.6  -35.504  4
0.61  -35.1782  4
0.62  -34.8545  4
0.63  -34.5328  4
0.64  -34.2131  4
0.65  -33.8954  4
0.66  -33.5797  4
0.67  -33.266  4
0.68  -32.9544  4
0.69  -32.6447  4
0.7  -32.337  4
0.71  -32.0313  4
0.72  -31.7276  4
0.73  -31.4258  4
0.74  -31.126  4
0.75  -30.8281  4
0.76  -30.5322  4
0.77  -30.2383  4
0.78  -29.9462  4
0.79  -29.6562  4
0.8  -29.368  4
0.81  -29.0818  4
0.82  -28.7974  4
0.83  -28.515  4
0.84  -28.2345  4
0.85  -27.9559  4
0.86  -27.6791  4
0.87  -27.4043  4
0.88  -27.1313  4
0.89  -26.8602  4
0.9  -26.591  4
0.91  -26.3236  4
0.92  -26.0581  4
0.93  -25.7944  4
0.94  -25.5326  4
0.95  -25.2726  4
0.96  -25.0145  4
0.97  -24.7581  4
0.98  -24.5036  4
0.99  -24.2509  4
1  -24  4
1.01  -23.7509  4
1.02  -23.5036  4
1.03  -23.2581  4
1.04  -23.0143  4
1.05  -22.7724  4
1.06  -22.5322  4
1.07  -22.2938  4
1.08  -22.0571  4
1.09  -21.8222  4
1.1  -21.589  4
1.11  -21.3576  4
1.12  -21.1279  4
1.13  -20.8999  4
1.14  -20.6737  4
1.15  -20.4491  4
1.16  -20.2263  4
1.17  -20.0052  4
1.18  -19.7858  4
1.19  -19.568  4
1.2  -19.352  4
1.21  -19.1376  4
1.22  -18.925  4
1.23  -18.7139  4
1.24  -18.5046  4
1.25  -18.2969  4
1.26  -18.0908  4
1.27  -17.8864  4
1.28  -17.6836  4
1.29  -17.4825  4
1.3  -17.283  4
1.31  -17.0851  4
1.32  -16.8888  4
1.33  -16.6942  4
1.34  -16.5011  4
1.35  -16.3096  4
1.36  -16.1197  4
1.37  -15.9314  4
1.38  -15.7447  4
1.39  -15.5596  4
1.4  -15.376  4
1.41  -15.194  4
1.42  -15.0135  4
1.43  -14.8346  4
1.44  -14.6572  4
1.45  -14.4814  4
1.46  -14.3071  4
1.47  -14.1343  4
1.48  -13.963  4
1.49  -13.7933  4
1.5  -13.625  4
1.51  -13.4582  4
1.52  -13.293  4
1.53  -13.1292  4
1.54  -12.9669  4
1.55  -12.8061  4
1.56  -12.6468  4
1.57  -12.4889  4
1.58  -12.3325  4
1.59  -12.1775  4
1.6  -12.024  4
1.61  -11.8719  4
1.62  -11.7213  4
1.63  -11.5721  4
1.64  -11.4243  4
1.65  -11.2779  4
1.66  -11.1329  4
1.67  -10.9893  4
1.68  -10.8472  4
1.69  -10.7064  4
1.7  -10.567  4
1.71  -10.429  4
1.72  -10.2924  4
1.73  -10.1571  4
1.74  -10.0232  4
1.75  -9.89062  4
1.76  -9.75942  4
1.77  -9.62957  4
1.78  -9.50105  4
1.79  -9.37386  4
1.8  -9.248  4
1.81  -9.12346  4
1.82  -9.00023  4
1.83  -8.87831  4
1.84  -8.7577  4
1.85  -8.63837  4
1.86  -8.52034  4
1.87  -8.4036  4
1.88  -8.28813  4
1.89  -8.17393  4
1.9  -8.061  4
1.91  -7.94933  4
1.92  -7.83891  4
1.93  -7.72974  4
1.94  -7.62182  4
1.95  -7.51512  4
1.96  -7.40966  4
1.97  -7.30543  4
1.98  -7.20241  4
1.99  -7.1006  4
2  -7  4
2.01  -6.9006  4
2.02  -6.80239  4
2.03  -6.70537  4
2.04  -6.60954  4
2.05  -6.51487  4
2.06  -6.42138  4
2.07  -6.32906  4
2.08  -6.23789  4
2.09  -6.14787  4
2.1  -6.059  4
2.11  -5.97127  4
2.12  -5.88467  4
2.13  -5.7992  4
2.14  -5.71486  4
2.15  -5.63163  4
2.16  -5.5495  4
2.17  -5.46849  4
2.18  -5.38857  4
2.19  -5.30974  4
2.2  -5.232  4
2.21  -5.15534  4
2.22  -5.07975  4
2.23  -5.00523  4
2.24  -4.93178  4
2.25  -4.85938  4
2.26  -4.78802  4
2.27  -4.71772  4
2.28  -4.64845  4
2.29  -4.58021  4
2.3  -4.513  4
2.31  -4.44681  4
2.32  -4.38163  4
2.33  -4.31746  4
2.34  -4.2543  4
2.35  -4.19213  4
2.36  -4.13094  4
2.37  -4.07075  4
2.38  -4.01153  4
2.39  -3.95328  4
2.4  -3.896  4
2.41  -3.83968  4
2.42  -3.78431  4
2.43  -3.72989  4
2.44  -3.67642  4
2.45  -3.62388  4
2.46  -3.57226  4
2.47  -3.52158  4
2.48  -3.47181  4
2.49  -3.42295  4
2.5  -3.375  4
2.51  -3.32795  4
2.52  -3.28179  4
2.53  -3.23652  4
2.54  -3.19214  4
2.55  -3.14863  4
2.56  -3.10598  4
2.57  -3.06421  4
2.58  -3.02329  4
2.59  -2.98322  4
2.6  -2.944  4
2.61  -2.90562  4
2.62  -2.86807  4
2.63  -2.83135  4
2.64  -2.79546  4
2.65  -2.76038  4
2.66  -2.7261  4
2.67  -2.69264  4
2.68  -2.65997  4
2.69  -2.62809  4
2.7  -2.597  4
2.71  -2.56669  4
2.72  -2.53715  4
2.73  -2.50838  4
2.74  -2.48038  4
2.75  -2.45313  4
2.76  -2.42662  4
2.77  -2.40087  4
2.78  -2.37585  4
2.79  -2.35156  4
2.8  -2.328  4
2.81  -2.30516  4
2.82  -2.28303  4
2.83  -2.26161  4
2.84  -2.2409  4
2.85  -2.22088  4
2.86  -2.20154  4
2.87  -2.1829  4
2.88  -2.16493  4
2.89  -2.14763  4
2.9  -2.131  4
2.91  -2.11503  4
2.92  -2.09971  4
2.93  -2.08504  4
2.94  -2.07102  4
2.95  -2.05763  4
2.96  -2.04486  4
2.97  -2.03273  4
2.98  -2.02121  4
2.99  -2.0103  4
3  -2  4
3.01  -1.9903  4
3.02  -1.98119  4
3.03  -1.97267  4
3.04  -1.96474  4
3.05  -1.95738  4
3.06  -1.95058  4
3.07  -1.94436  4
3.08  -1.93869  4
3.09  -1.93357  4
3.1  -1.929  4
3.11  -1.92497  4
3.12  -1.92147  4
3.13  -1.9185  4
3.14  -1.91606  4
3.15  -1.91413  4
3.16  -1.9127  4
3.17  -1.91179  4
3.18  -1.91137  4
3.19  -1.91144  4
3.2  -1.912  4
3.21  -1.91304  4
3.22  -1.91455  4
3.23  -1.91653  4
3.24  -1.91898  4
3.25  -1.92187  4
3.26  -1.92522  4
3.27  -1.92902  4
3.28  -1.93325  4
3.29  -1.93791  4
3.3  -1.943  4
3.31  -1.94851  4
3.32  -1.95443  4
3.33  -1.96076  4
3.34  -1.9675  4
3.35  -1.97462  4
3.36  -1.98214  4
3.37  -1.99005  4
3.38  -1.99833  4
3.39  -2.00698  4
3.4  -2.016  4
3.41  -2.02538  4
3.42  -2.03511  4
3.43  -2.04519  4
3.44  -2.05562  4
3.45  -2.06637  4
3.46  -2.07746  4
3.47  -2.08888  4
3.48  -2.10061  4
3.49  -2.11265  4
3.5  -2.125  4
3.51  -2.13765  4
3.52  -2.15059  4
3.53  -2.16382  4
3.54  -2.17734  4
3.55  -2.19112  4
3.56  -2.20518  4
3.57  -2.21951  4
3.58  -2.23409  4
3.59  -2.24892  4
3.6  -2.264  4
3.61  -2.27932  4
3.62  -2.29487  4
3.63  -2.31065  4
3.64  -2.32666  4
3.65  -2.34287  4
3.66  -2.3593  4
3.67  -2.37594  4
3.68  -2.39277  4
3.69  -2.40979  4
3.7  -2.427  4
3.71  -2.44439  4
3.72  -2.46195  4
3.73  -2.47968  4
3.74  -2.49758  4
3.75  -2.51562  4
3.76  -2.53382  4
3.77  -2.55217  4
3.78  -2.57065  4
3.79  -2.58926  4
3.8  -2.608  4
3.81  -2.62686  4
3.82  -2.64583  4
3.83  -2.66491  4
3.84  -2.6841  4
3.85  -2.70337  4
3.86  -2.72274  4
3.87  -2.7422  4
3.88  -2.76173  4
3.89  -2.78133  4
3.9  -2.801  4
3.91  -2.82073  4
3.92  -2.84051  4
3.93  -2.86034  4
3.94  -2.88022  4
3.95  -2.90012  4
3.96  -2.92006  4
3.97  -2.94003  4
3.98  -2.96001  4
3.99  -2.98  4
4  -3  4
4.01  -3.02  4
4.02  -3.03999  4
4.03  -3.05997  4
4.04  -3.07994  4
4.05  -3.09987  4
4.06  -3.11978  4
4.07  -3.13966  4
4.08  -3.15949  4
4.09  -3.17927  4
4.1  -3.199  4
4.11  -3.21867  4
4.12  -3.23827  4
4.13  -3.2578  4
4.14  -3.27726  4
4.15  -3.29662  4
4.16  -3.3159  4
4.17  -3.33509  4
4.18  -3.35417  4
4.19  -3.37314  4
4.2  -3.392  4
4.21  -3.41074  4
4.22  -3.42935  4
4.23  -3.44783  4
4.24  -3.46618  4
4.25  -3.48437  4
4.26  -3.50242  4
4.27  -3.52032  4
4.28  -3.53805  4
4.29  -3.55561  4
4.3  -3.573  4
4.31  -3.59021  4
4.32  -3.60723  4
4.33  -3.62406  4
4.34  -3.6407  4
4.35  -3.65712  4
4.36  -3.67334  4
4.37  -3.68935  4
4.38  -3.70513  4
4.39  -3.72068  4
4.4  -3.736  4
4.41  -3.75108  4
4.42  -3.76591  4
4.43  -3.78049  4
4.44  -3.79482  4
4.45  -3.80887  4
4.46  -3.82266  4
4.47  -3.83618  4
4.48  -3.84941  4
4.49  -3.86235  4
4.5  -3.875  4
4.51  -3.88735  4
4.52  -3.89939  4
4.53  -3.91112  4
4.54  -3.92254  4
4.55  -3.93362  4
4.56  -3.94438  4
4.57  -3.95481  4
4.58  -3.96489  4
4.59  -3.97462  4
4.6  -3.984  4
4.61  -3.99302  4
4.62  -4.00167  4
4.63  -4.00995  4
4.64  -4.01786  4
4.65  -4.02537  4
4.66  -4.0325  4
4.67  -4.03924  4
4.68  -4.04557  4
4.69  -4.05149  4
4.7  -4.057  4
4.71  -4.06209  4
4.72  -4.06675  4
4.73  -4.07098  4
4.74  -4.07478  4
4.75  -4.07812  4
4.76  -4.08102  4
4.77  -4.08347  4
4.78  -4.08545  4
4.79  -4.08696  4
4.8  -4.088  4
4.81  -4.08856  4
4.82  -4.08863  4
4.83  -4.08821  4
4.84  -4.0873  4
4.85  -4.08588  4
4.86  -4.08394  4
4.87  -4.0815  4
4.88  -4.07853  4
4.89  -4.07503  4
4.9  -4.071  4
4.91  -4.06643  4
4.92  -4.06131  4
4.93  -4.05564  4
4.94  -4.04942  4
4.95  -4.04263  4
4.96  -4.03526  4
4.97  -4.02733  4
4.98  -4.01881  4
4.99  -4.0097  4
5  -4  4
5.01  -3.9897  4
5.02  -3.97879  4
5.03  -3.96727  4
5.04  -3.95514  4
5.05  -3.94238  4
5.06  -3.92898  4
5.07  -3.91496  4
5.08  -3.90029  4
5.09  -3.88497  4
5.1  -3.869  4
5.11  -3.85237  4
5.12  -3.83507  4
5.13  -3.8171  4
5.14  -3.79846  4
5.15  -3.77913  4
5.16  -3.7591  4
5.17  -3.73839  4
5.18  -3.71697  4
5.19  -3.69484  4
5.2  -3.672  4
5.21  -3.64844  4
5.22  -3.62415  4
5.23  -3.59913  4
5.24  -3.57338  4
5.25  -3.54688  4
5.26  -3.51962  4
5.27  -3.49162  4
5.28  -3.46285  4
5.29  -3.43331  4
5.3  -3.403  4
5.31  -3.37191  4
5.32  -3.34003  4
5.33  -3.30736  4
5.34  -3.2739  4
5.35  -3.23963  4
5.36  -3.20454  4
5.37  -3.16865  4
5.38  -3.13193  4
5.39  -3.09438  4
5.4  -3.056  4
5.41  -3.01678  4
5.42  -2.97671  4
5.43  -2.93579  4
5.44  -2.89402  4
5.45  -2.85138  4
5.46  -2.80786  4
5.47  -2.76348  4
5.48  -2.71821  4
5.49  -2.67205  4
5.5  -2.625  4
5.51  -2.57705  4
5.52  -2.52819  4
5.53  -2.47842  4
5.54  -2.42774  4
5.55  -2.37613  4
5.56  -2.32358  4
5.57  -2.27011  4
5.58  -2.21569  4
5.59  -2.16032  4
5.6  -2.104  4
5.61  -2.04672  4
5.62  -1.98847  4
5.63  -1.92925  4
5.64  -1.86906  4
5.65  -1.80788  4
5.66  -1.7457  4
5.67  -1.68254  4
5.68  -1.61837  4
5.69  -1.55319  4
5.7  -1.487  4
5.71  -1.41979  4
5.72  -1.35155  4
5.73  -1.28228  4
5.74  -1.21198  4
5.75  -1.14063  4
5.76  -1.06822  4
5.77  -0.994767  4
5.78  -0.920248  4
5.79  -0.844661  4
5.8  -0.768  4
5.81  -0.690259  4
5.82  -0.611432  4
5.83  -0.531513  4
5.84  -0.450496  4
5.85  -0.368375  4
5.86  -0.285144  4
5.87  -0.200797  4
5.88  -0.115328  4
5.89  -0.028731  4
5.9  0.059  4
5.91  0.147871  4
5.92  0.237888  4
5.93  0.329057  4
5.94  0.421384  4
5.95  0.514875  4
5.96  0.609536  4
5.97  0.705373  4
5.98  0.802392  4
5.99  0.900599  4
6  1  4
6.01  1.1006  4
6.02  1.20241  4
6.03  1.30543  4
6.04  1.40966  4
6.05  1.51512  4
6.06  1.62182  4
6.07  1.72974  4
6.08  1.83891  4
6.09  1.94933  4
6.1  2.061  4
6.11  2.17393  4
6.12  2.28813  4
6.13  2.4036  4
6.14  2.52034  4
6.15  2.63837  4
6.16  2.7577  4
6.17  2.87831  4
6.18  3.00023  4
6.19  3.12346  4
6.2  3.248  4
6.21  3.37386  4
6.22  3.50105  4
6.23  3.62957  4
6.24  3.75942  4
6.25  3.89062  4
6.26  4.02318  4
6.27  4.15708  4
6.28  4.29235  4
6.29  4.42899  4
6.3  4.567  4
6.31  4.70639  4
6.32  4.84717  4
6.33  4.98934  4
6.34  5.1329  4
6.35  5.27787  4
6.36  5.42426  4
6.37  5.57205  4
6.38  5.72127  4
6.39  5.87192  4
6.4  6.024  4
6.41  6.17752  4
6.42  6.33249  4
6.43  6.48891  4
6.44  6.64678  4
6.45  6.80612  4
6.46  6.96694  4
6.47  7.12922  4
6.48  7.29299  4
6.49  7.45825  4
6.5  7.625  4
6.51  7.79325  4
6.52  7.96301  4
6.53  8.13428  4
6.54  8.30706  4
6.55  8.48137  4
6.56  8.65722  4
6.57  8.83459  4
6.58  9.01351  4
6.59  9.19398  4
6.6  9.376  4
6.61  9.55958  4
6.62  9.74473  4
6.63  9.93145  4
6.64  10.1197  4
6.65  10.3096  4
6.66  10.5011  4
6.67  10.6942  4
6.68  10.8888  4
6.69  11.0851  4
6.7  11.283  4
6.71  11.4825  4
6.72  11.6836  4
6.73  11.8864  4
6.74  12.0908  4
6.75  12.2969  4
6.76  12.5046  4
6.77  12.7139  4
6.78  12.925  4
6.79  13.1376  4
6.8  13.352  4
6.81  13.568  4
6.82  13.7858  4
6.83  14.0052  4
6.84  14.2263  4
6.85  14.4491  4
6.86  14.6737  4
6.87  14.8999  4
6.88  15.1279  4
6.89  15.3576  4
6.9  15.589  4
6.91  15.8222  4
6.92  16.0571  4
6.93  16.2938  4
6.94  16.5322  4
6.95  16.7724  4
6.96  17.0143  4
6.97  17.2581  4
6.98  17.5036  4
6.99  17.7509  4
7  18  4
7.01  18.2509  4
7.02  18.5036  4
7.03  18.7581  4
7.04  19.0145  4
7.05  19.2726  4
7.06  19.5326  4
7.07  19.7944  4
7.08  20.0581  4
7.09  20.3236  4
7.1  20.591  4
7.11  20.8602  4
7.12  21.1313  4
7.13  21.4043  4
7.14  21.6791  4
7.15  21.9559  4
7.16  22.2345  4
7.17  22.515  4
7.18  22.7974  4
7.19  23.0818  4
7.2  23.368  4
7.21  23.6562  4
7.22  23.9462  4
7.23  24.2383  4
7.24  24.5322  4
7.25  24.8281  4
7.26  25.126  4
7.27  25.4258  4
7.28  25.7276  4
7.29  26.0313  4
7.3  26.337  4
7.31  26.6447  4
7.32  26.9544  4
7.33  27.266  4
7.34  27.5797  4
7.35  27.8954  4
7.36  28.2131  4
7.37  28.5328  4
7.38  28.8545  4
7.39  29.1782  4
7.4  29.504  4
7.41  29.8318  4
7.42  30.1617  4
7.43  30.4936  4
7.44  30.8276  4
7.45  31.1636  4
7.46  31.5017  4
7.47  31.8419  4
7.48  32.1842  4
7.49  32.5285  4
7.5  32.875  4
7.51  33.2236  4
7.52  33.5742  4
7.53  33.927  4
7.54  34.2819  4
7.55  34.6389  4
7.56  34.998  4
7.57  35.3593  4
7.58  35.7227  4
7.59  36.0883  4
7.6  36.456  4
7.61  36.8259  4
7.62  37.1979  4
7.63  37.5721  4
7.64  37.9485  4
7.65  38.3271  4
7.66  38.7079  4
7.67  39.0909  4
7.68  39.476  4
7.69  39.8634  4
7.7  40.253  4
7.71  40.6448  4
7.72  41.0388  4
7.73  41.4351  4
7.74  41.8336  4
7.75  42.2344  4
7.76  42.6374  4
7.77  43.0426  4
7.78  43.4502  4
7.79  43.8599  4
7.8  44.272  4
7.81  44.6863  4
7.82  45.103  4
7.83  45.5219  4
7.84  45.9431  4
7.85  46.3666  4
7.86  46.7925  4
7.87  47.2206  4
7.88  47.6511  4
7.89  48.0839  4
7.9  48.519  4
7.91  48.9565  4
7.92  49.3963  4
7.93  49.8385  4
7.94  50.283  4
7.95  50.7299  4
7.96  51.1791  4
7.97  51.6308  4
7.98  52.0848  4
7.99  52.5412  4
8  53  4
8.01  53.4612  4
8.02  53.9248  4
8.03  54.3908  4
8.04  54.8593  4
8.05  55.3301  4
8.06  55.8034  4
8.07  56.2791  4
8.08  56.7573  4
8.09  57.2379  4
8.1  57.721  4
8.11  58.2065  4
8.12  58.6945  4
8.13  59.185  4
8.14  59.6779  4
8.15  60.1734  4
8.16  60.6713  4
8.17  61.1717  4
8.18  61.6746  4
8.19  62.1801  4
8.2  62.688  4
8.21  63.1985  4
8.22  63.7114  4
8.23  64.227  4
8.24  64.745  4
8.25  65.2656  4
8.26  65.7888  4
8.27  66.3145  4
8.28  66.8428  4
8.29  67.3736  4
8.3  67.907  4
8.31  68.443  4
8.32  68.9816  4
8.33  69.5227  4
8.34  70.0665  4
8.35  70.6129  4
8.36  71.1619  4
8.37  71.7135  4
8.38  72.2677  4
8.39  72.8245  4
8.4  73.384  4
8.41  73.9461  4
8.42  74.5109  4
8.43  75.0783  4
8.44  75.6484  4
8.45  76.2211  4
8.46  76.7965  4
8.47  77.3746  4
8.48  77.9554  4
8.49  78.5388  4
8.5  79.125  4
8.51  79.7139  4
8.52  80.3054  4
8.53  80.8997  4
8.54  81.4967  4
8.55  82.0964  4
8.56  82.6988  4
8.57  83.304  4
8.58  83.9119  4
8.59  84.5226  4
8.6  85.136  4
8.61  85.7522  4
8.62  86.3711  4
8.63  86.9928  4
8.64  87.6173  4
8.65  88.2446  4
8.66  88.8747  4
8.67  89.5076  4
8.68  90.1432  4
8.69  90.7817  4
8.7  91.423  4
8.71  92.0671  4
8.72  92.714  4
8.73  93.3638  4
8.74  94.0164  4
8.75  94.6719  4
8.76  95.3302  4
8.77  95.9913  4
8.78  96.6554  4
8.79  97.3222  4
8.8  97.992  4
8.81  98.6646  4
8.82  99.3402  4
8.83  100.019  4
8.84  100.7  4
8.85  101.384  4
8.86  102.071  4
8.87  102.761  4
8.88  103.454  4
8.89  104.15  4
8.9  104.849  4
8.91  105.551  4
8.92  106.255  4
8.93  106.963  4
8.94  107.674  4
8.95  108.387  4
8.96  109.104  4
8.97  109.823  4
8.98  110.546  4
8.99  111.271  4
9  112  4
9.01  112.732  4
9.02  113.466  4
9.03  114.204  4
9.04  114.944  4
9.05  115.688  4
9.06  116.434  4
9.07  117.184  4
9.08  117.937  4
9.09  118.692  4
9.1  119.451  4
9.11  120.213  4
9.12  120.978  4
9.13  121.746  4
9.14  122.517  4
9.15  123.291  4
9.16  124.068  4
9.17  124.848  4
9.18  125.632  4
9.19  126.418  4
9.2  127.208  4
9.21  128.001  4
9.22  128.797  4
9.23  129.596  4
9.24  130.398  4
9.25  131.203  4
9.26  132.012  4
9.27  132.823  4
9.28  133.638  4
9.29  134.456  4
9.3  135.277  4
9.31  136.101  4
9.32  136.929  4
9.33  137.759  4
9.34  138.593  4
9.35  139.43  4
9.36  140.271  4
9.37  141.114  4
9.38  141.961  4
9.39  142.811  4
9.4  143.664  4
9.41  144.52  4
9.42  145.38  4
9.43  146.243  4
9.44  147.109  4
9.45  147.979  4
9.46  148.851  4
9.47  149.727  4
9.48  150.607  4
9.49  151.489  4
9.5  152.375  4
9.51  153.264  4
9.52  154.157  4
9.53  155.052  4
9.54  155.951  4
9.55  156.854  4
9.56  157.76  4
9.57  158.669  4
9.58  159.581  4
9.59  160.497  4
9.6  161.416  4
9.61  162.338  4
9.62  163.264  4
9.63  164.194  4
9.64  165.126  4
9.65  166.062  4
9.66  167.001  4
9.67  167.944  4
9.68  168.89  4
9.69  169.84  4
9.7  170.793  4
9.71  171.749  4
9.72  172.709  4
9.73  173.673  4
9.74  174.639  4
9.75  175.609  4
9.76  176.583  4
9.77  177.56  4
9.78  178.541  4
9.79  179.525  4
9.8  180.512  4
9.81  181.503  4
9.82  182.497  4
9.83  183.495  4
9.84  184.497  4
9.85  185.502  4
9.86  186.51  4
9.87  187.522  4
9.88  188.537  4
9.89  189.556  4
9.9  190.579  4
9.91  191.605  4
9.92  192.635  4
9.93  193.668  4
9.94  194.705  4
9.95  195.745  4
9.96  196.789  4
9.97  197.836  4
9.98  198.887  4
9.99  199.942  4
10  201  4
