0.15171
0.28086
0.361273
0.647078
0.724065
0.801481
0.802083
0.890874
0.893196
0.921853
0.974085
0.986529
1.00804
1.07838
1.08294
1.27069
1.30042
1.40795
1.68183
1.72928
1.75348
1.87173
1.97078
2.00525
2.01824
2.04945
2.10569
2.12619
2.31036
2.38613
2.4079
2.4909
2.62425
2.70135
2.74231
2.77326
3.00681
3.02354
3.11357
3.26496
3.29689
3.5102
3.62812
3.67859
3.80432
3.81279
3.95945
4.09837
4.21874
4.22018
4.40108
4.49182
4.63616
4.76029
4.94896
5.0424
5.12156
5.23558
5.34211
5.39116
5.47946
5.49972
5.7474
5.99722
6.27163
6.31619
6.37084
6.3889
6.47325
6.64031
6.75018
7.02183
7.16129
7.17232
7.26508
7.35446
7.4094
7.43518
7.51378
7.53329
7.53351
7.87296
8.18082
8.30028
8.31711
8.45199
8.49112
8.6349
8.65282
8.75328
8.78662
8.86097
9.1363
9.29517
9.33973
9.37524
9.50804
9.5878
9.68611
9.93532
